user_list	recharge_score	move_score	eat_score	total_score
0013B973C1E2C7662D904037D89A2A8B	0	9.15492957746479	0	0
004A92AA05A50D68A09C066C10EBCFF4	87.7551020408163	88.0281690140845	84	87.7551020408163
0083F6C6C31BE8B28034235F7D4BDB88	2.04081632653061	9.15492957746479	0	2.04081632653061
00BD17D5330389C4293CC1F439B60108	77.5510204081633	67.6056338028169	48	77.5510204081633
00CE010620E5BA66CDF6F1935A6125FE	0	0	0	0
0120AAE18B2B839EAF3FB460E2719073	0	20.4225352112676	2	0
01E8091B7D4F004EFB77FA332F662C20	0	19.0140845070423	0	0
020D819374ED4C74865A59520F50F684	48.9795918367347	66.1971830985916	54	48.9795918367347
0210E896FBDE2E4236BC3F6BF3E99A1F	0	14.7887323943662	0	0
0216024DEFEB4C32C539D52DD1760F27	0	1.40845070422535	0	0
025223D62D81437A4D8A568F4F86967D	55.1020408163265	55.6338028169014	40	55.1020408163265
0265A1E31AFF490F574C938A0FAD4301	0	0	0	0
02783F13C1BB8A73C8998E5FEBDF332F	14.2857142857143	20.4225352112676	0	14.2857142857143
029BE9D32C6BFCFC3E2F96255A8FA24D	0	0.704225352112676	0	0
02B239DE76A2AE071938BB632B4F812F	83.6734693877551	83.8028169014084	92	83.6734693877551
0300F9B221656ED6F0D263FE94C55A25	48.9795918367347	64.7887323943662	26	48.9795918367347
0356E8C08A9AA7A42ACDB0F7D62C66DE	0	14.0845070422535	0	0
0357C4F40154AFB0C9B83880D2464690	0	0.704225352112676	0	0
035CED91258DBA4801CFACA55232F768	6.12244897959184	23.2394366197183	8	6.12244897959184
0361C0F229FD51D33C2B7D65C71A877A	4.08163265306122	35.9154929577465	0	4.08163265306122
03779C55227D937EAE8BF71F2C7141F2	40.8163265306122	60.5633802816901	48	40.8163265306122
041DF74F5208F61355F6F14710F10704	0	12.6760563380282	0	0
04204CD52C3D847073D57B94FC827FD2	0	0.704225352112676	0	0
043A29160A6910510AF895E9EB555679	28.5714285714286	15.4929577464789	32	28.5714285714286
04A270036B1B46CDEE472C43E86834E7	0	0	0	0
053D01029CA9528214997C58F3D1BDF8	14.2857142857143	51.4084507042254	12	14.2857142857143
0547C82D91FA49D7D66F6FEF8C1D603D	0	0	0	0
0561231A32726A5EC52065C306ACC426	55.1020408163265	69.0140845070423	68	55.1020408163265
066856A0B120BF56E01F3647A2EB84FD	55.1020408163265	65.4929577464789	84	55.1020408163265
068E04D8D24F3FF84E08E299668226F8	4.08163265306122	16.9014084507042	4	4.08163265306122
069A4659A0B25320DD7987E38F4BA2D3	0	0	0	0
06C9BA705447BA75FA2B95C8F4C83A35	0	20.4225352112676	2	0
06E0FD95E193E398B67AEFF57106283C	0	0	0	0
073FFC37717BC121F48860EC0E5DBA81	20.4081632653061	45.0704225352113	16	20.4081632653061
075AF2FBCB9E6CB92545021AEE6C82AE	2.04081632653061	17.6056338028169	0	2.04081632653061
0825D26024C720140D73C017022D41CD	0	8.45070422535211	0	0
08386AAF10A5E97E4E3DF3718A35D7F4	0	0	0	0
085D4E506161DE7F31B63DDAB3D12422	0	16.9014084507042	0	0
091AF988C70726B0DCDEF5080872D90A	0	2.8169014084507	2	0
0980DA180732953FF895391D5672A1E8	2.04081632653061	15.4929577464789	0	2.04081632653061
0A2DB608AA91A0043CE233D217B159DA	0	17.6056338028169	0	0
0A4ADE82516F9D058AFD3B400D0939EC	0	0	0	0
0A553859B936062D002B98CF0387A4E9	0	4.22535211267606	2	0
0A7C9B6815E4677D691DE1224B68582D	4.08163265306122	9.85915492957746	26	4.08163265306122
0B165688F966AE2EED231B9CE345D30B	0	11.9718309859155	0	0
0B1E283547F35C5AD13CBC20D9CB4EBB	0	14.7887323943662	0	0
0B486143C86C31EE9B3387B1DFF84C51	48.9795918367347	58.4507042253521	56	48.9795918367347
0C54329068E2D9662DFB7E6EAB124E28	4.08163265306122	36.6197183098592	6	4.08163265306122
0C5E15BDCFDB641431D2060E3F7E4EB2	53.0612244897959	48.5915492957746	60	53.0612244897959
0C8AB19A6F072ED5568C62E2FCED09DE	0	3.52112676056338	0	0
0C9B7330FC4B8B9750CB1AD795FE64DC	0	0	0	0
0D8F9110A11016F772A8CF1590C96C92	71.4285714285714	85.9154929577465	68	71.4285714285714
0D99BBA330DBBE5C7B7A7F3D36426BF5	0	0	0	0
0D99E476E3049E15F58DCC164DE1168C	8.16326530612245	18.3098591549296	22	8.16326530612245
0E26C380A003B531DF617B5FA3DDB3AC	2.04081632653061	7.74647887323944	0	2.04081632653061
0E715F2634B47ECD30D8C7A78F7B64BE	0	7.04225352112676	0	0
0E9E951FE2D1DE3406034998CA65C04F	0	32.3943661971831	2	0
0F0A19ABFD8B755056061D72418AB388	0	15.4929577464789	2	0
0F101B40100210A49159974302AAA0F7	8.16326530612245	18.3098591549296	24	8.16326530612245
0F774515A2E9C5A55B803C25E19B3966	0	19.0140845070423	0	0
0F82799C576DB99A6289A9795886ACF4	0	33.8028169014084	0	0
0F8D51299AC580D48F9FFFFCC424F1D5	0	17.6056338028169	0	0
0FD90203D99CA6ED8DF5847E23114DF0	28.5714285714286	23.943661971831	0	28.5714285714286
0FF4A08F96F02049F61609208D258226	0	7.74647887323944	2	0
1011A16092BD00196738119B1363A17D	42.8571428571429	45.7746478873239	0	42.8571428571429
108278271AE76D3DA9F86DB40C849A31	0	10.5633802816901	0	0
10B2EA92CA5CF267BE67DBD36ED58615	0	8.45070422535211	0	0
10BAF825B4992C1AC6C951301EE9ED4D	0	42.2535211267606	2	0
10F012559708B25CB7A7453879E68CD6	81.6326530612245	69.0140845070423	86	81.6326530612245
10F16171BFC1053F855E328184C6B436	0	0	0	0
10F8F7741D93CA98B0FC49090A72B6D2	0	17.6056338028169	2	0
1108D0E1ECAC9DD983B0B9AAAB520D6F	0	18.3098591549296	0	0
113BB3D049939401B7BE303343DFCF4B	63.265306122449	33.0985915492958	64	63.265306122449
1177F0DA4605EB68708F560B5A5CD723	0	23.2394366197183	0	0
1235523896B058590495B5DCEBE7A7DA	4.08163265306122	14.7887323943662	0	4.08163265306122
123CCA14EE49994D7090E9E18E27CCBA	0	21.1267605633803	0	0
1285023ECF878A42CEB949E37692CF82	0	20.4225352112676	0	0
12B0A6E4FB7B9751BC6A544F468FB5F0	2.04081632653061	21.1267605633803	0	2.04081632653061
12C92956ED4E1F40BE221D39344C339E	0	18.3098591549296	0	0
12E2B967CF5E574B8C5E411E41B63400	2.04081632653061	21.1267605633803	0	2.04081632653061
1336BA7CC82D224006C6BEE3F189BB8A	0	9.15492957746479	2	0
1378B32F7D87B09611CF0A694BC4D4C0	87.7551020408163	53.5211267605634	86	87.7551020408163
13DE99278FA295A352DE84EAEBFDAA6A	75.5102040816327	77.4647887323944	74	75.5102040816327
141EE65C0C95055E023918508F4DA106	2.04081632653061	16.9014084507042	2	2.04081632653061
1424C88014642F98FB064915E8F0C493	2.04081632653061	2.11267605633803	2	2.04081632653061
14539E56859D8DCA5394A5C30E30FBB1	0	27.4647887323944	14	0
1491CCE8F6DD162B9249D308E9D56F9D	14.2857142857143	35.2112676056338	34	14.2857142857143
14F6A8A518A6DA9C84F835B28BE14F0A	83.6734693877551	81.6901408450704	92	83.6734693877551
15034E70B642AE0A2B2047BD37839DC2	0	18.3098591549296	16	0
15188415B6E36BF1C0CC35F7B8016D1B	0	20.4225352112676	0	0
156C9E77BE6668C941A74DE1997C2252	2.04081632653061	17.6056338028169	0	2.04081632653061
158E1AA96BCD980FF866467EB3F719E5	0	0	0	0
15BC8A18BBE55C8DF40ED5BC9507CD52	0	0	0	0
15E6EEDE8CDCC5D58D24F4E0F5CFFE3C	0	0	0	0
1635C352677885DCC89F5C47BA6F0C1F	6.12244897959184	7.74647887323944	12	6.12244897959184
1674E5F3C36944CD28DF6D565E8CB0A5	0	7.04225352112676	8	0
1676C062E078B40A1FAFC230ECAF2E7F	0	21.1267605633803	0	0
16EBF3DCFD9BE41122CD4EAF28239911	38.7755102040816	63.3802816901408	66	38.7755102040816
17454BE496DFD77AF9EB9043D7F21D4F	0	4.22535211267606	0	0
185D9923B75546732A8853FA86B172F0	2.04081632653061	36.6197183098592	2	2.04081632653061
186D152410B51E67CE3FB74C321A6B7E	2.04081632653061	18.3098591549296	2	2.04081632653061
1872955A9D3FF457C17E37B496E84B1B	0	33.8028169014084	0	0
188AB2AD7725BD04812CAA3C685FA550	2.04081632653061	7.74647887323944	2	2.04081632653061
18B1351122D2D378AB806B08E01F7328	81.6326530612245	66.1971830985916	86	81.6326530612245
18C673E8A046E7E5B77BDF3D6E89BDC7	0	35.2112676056338	0	0
190DDBE05BA32E654A75EC3D660B7896	0	0	0	0
1910B022019A1F50A36C8B2BF8600431	0	0	0	0
19A8CA76268E349BFC8C70BB6F627B46	24.4897959183673	42.2535211267606	34	24.4897959183673
19ABA87EF19C74B5435FFF39EE89ECC7	0	20.4225352112676	0	0
1A3AA23E196C84C25243733AF731DB9C	0	11.2676056338028	0	0
1A7647C4888E8F1B0353287DA688AE68	0	16.1971830985916	0	0
1ADD4875050F49AC76394EF80FAEF6FE	0	0	0	0
1B9D9820B50E2B7E10141ED13C9170A2	2.04081632653061	20.4225352112676	0	2.04081632653061
1BC546570A3F07C01712AB4703AB84F0	0	35.2112676056338	2	0
1BDA6F5F6B33275E9BAD02AD712FF1A6	0	21.1267605633803	2	0
1C04AB45A3CBE145313E213DF1389EE3	0	9.15492957746479	0	0
1C6D874964A92AF236E5DDE7BAC96742	16.3265306122449	29.5774647887324	2	16.3265306122449
1CC1F76D50318554FD4768BDF6883D95	0	22.5352112676056	0	0
1CF1928E4E051F74FCD7F1FBB739C62C	61.2244897959184	35.2112676056338	0	61.2244897959184
1DAD8D22ABD81FCB56CF7751BF1C0DDC	0	16.1971830985916	0	0
1E0DE0D58B9585A6DCAA6102659CF793	0	2.11267605633803	0	0
1E190F538BCACB6A6614B89F2879E763	2.04081632653061	19.7183098591549	0	2.04081632653061
1E1BD58DEB16FA5E8EAA0DA8377679AD	0	14.7887323943662	0	0
1E2CE01879F4F10DA7CC9562C1B1091D	63.265306122449	80.2816901408451	78	63.265306122449
1E90F23137D669DAD5605FAAC7EF3383	0	22.5352112676056	0	0
1ED8B4C26EF5AE17958AB8212DB6FFFE	0	4.92957746478873	0	0
1F0F3168BFD1A3FB3ADCE09A627F26BE	93.8775510204082	92.2535211267606	96	93.8775510204082
1F3A5AC4BF4D5C3568D80623C63BCE4A	69.3877551020408	70.4225352112676	66	69.3877551020408
1F680A548CF1308633267B619C6DCD3F	0	9.85915492957746	4	0
1F69B822D10A71963193DB9FA7A16AFF	0	19.7183098591549	0	0
1F7BCB1B066EB2195477A730115C2A30	2.04081632653061	19.0140845070423	46	2.04081632653061
1FC823A85B31CC2003F35EE68B3B9723	0	0	0	0
2082BDDA5C3CEB2CC8DBA541470ACD37	0	0	0	0
20A43C0A8E5A8FE1F3C5D2899EF0C242	0	9.85915492957746	0	0
210D8C7AF810E7566C6EAC3D2E7B84CA	0	3.52112676056338	0	0
21107D668CB01EF75AA7D2ECC49313BF	8.16326530612245	21.830985915493	0	8.16326530612245
21347D2605862D7944B75FACF414B498	75.5102040816327	87.3239436619718	72	75.5102040816327
2138FC74441017D6B2BC557AAD496F2D	0	0	0	0
21CA5E503ABF9EAA1413374A5940F629	0	12.6760563380282	0	0
2202F193E328C26EF8419F5A0A588E7E	10.2040816326531	32.3943661971831	12	10.2040816326531
22538D26383AAA2DE4A05BDE20468E10	0	2.11267605633803	0	0
22874C7C1D56B790511AFFFACFC03697	0	0	0	0
22D79892B4B55A48F3A7153E26CF9030	2.04081632653061	21.830985915493	2	2.04081632653061
22DB2731F6B1AEBEA7854815E2EBDD0A	8.16326530612245	31.6901408450704	10	8.16326530612245
22DEDE76BDDBB4291AFD5600CF71553A	30.6122448979592	43.6619718309859	42	30.6122448979592
23229E1ED732B4B7E2F54B2236AB1103	0	0	0	0
23350227AD23958F24AF91315FE509C4	18.3673469387755	44.3661971830986	20	18.3673469387755
2368609C43F544FACD69A0422AE60876	0	0	0	0
23A8D0197D7444C39605A6469AD0F51E	34.6938775510204	30.9859154929577	40	34.6938775510204
240A04BDEB9197FCD5F2C2BC73AF3100	14.2857142857143	5.63380281690141	22	14.2857142857143
2419BC62BC50213783C2FCEA09297973	0	0.704225352112676	0	0
24479BB3645FBF5B0808FF3CEF5D305E	0	33.8028169014084	0	0
246A3B734E0709386E4ECA0CC5D4013E	0	6.33802816901408	0	0
248169971F84E9E7DE557F57C6AE7EA8	16.3265306122449	61.2676056338028	16	16.3265306122449
248C8C74C176D9D0090DDFDAFF297E1D	61.2244897959184	91.5492957746479	88	61.2244897959184
24FDC007B07C458256D34E335E39A9E6	0	2.8169014084507	0	0
25027635E17E0FE7FA727467A27D5765	75.5102040816327	90.8450704225352	74	75.5102040816327
25179F771606540A5C73B3A81FDF3582	53.0612244897959	32.3943661971831	58	53.0612244897959
256D48C1ADDE4BAA1AA8372F532CB00A	0	0.704225352112676	0	0
25A4B2008150502DDCAC4585CD04B174	0	14.7887323943662	0	0
25D5B52A190EFA57DB33E3D2B72020CE	0	12.6760563380282	0	0
25E4A0F4AC74CDC100227C000F1DE120	0	9.85915492957746	0	0
25F0C2A0252BF384216E05ACCE30D0E9	0	0	0	0
261D580BE61AAFE85A3F836A830125EE	0	37.3239436619718	0	0
263C9C0401A30384E161D25BAE0169BC	16.3265306122449	30.2816901408451	12	16.3265306122449
26CAE50445340B59B12FAF8F25522793	0	17.6056338028169	0	0
26ECAD3F09F350340F06084E8A9518C7	0	3.52112676056338	0	0
275DF73B378CD84746482A0E5CEC76FB	2.04081632653061	2.8169014084507	0	2.04081632653061
27CF8470DE15055F3733E3EE6495495D	0	14.0845070422535	0	0
27E55733F06957DCF93E8DA2AF720DBA	0	32.3943661971831	0	0
2834AB70B1C238814AE648DBF2CDAD7D	10.2040816326531	31.6901408450704	8	10.2040816326531
284BA535B920FCF9D649CEB6A3F7A4A8	0	0	0	0
28664759AD6D26CE07D1AB3EFEEA80E2	0	19.7183098591549	0	0
287A278CCB4F2B3E8425B1420FECB361	0	16.9014084507042	0	0
28AA29947DCBD4DF388FF807F80A84FC	81.6326530612245	73.2394366197183	76	81.6326530612245
28F97E176CECF2A21C0AD9BB1F7574D1	2.04081632653061	14.7887323943662	4	2.04081632653061
290C7D6FCC39590B5D42C80C4EB3101A	40.8163265306122	33.0985915492958	32	40.8163265306122
296436C115132E6E2CC3F0D9D239731D	40.8163265306122	78.169014084507	60	40.8163265306122
2972C45D61F31AD7E1E5935F06F12C07	0	14.0845070422535	0	0
29B96691921BF23567CD04888F84D0FD	85.7142857142857	66.9014084507042	82	85.7142857142857
29E848C2CDA9E6D1817146236C1F7B1C	0	14.7887323943662	0	0
2A32606727CCC2167E1497F0132D0BB9	0	3.52112676056338	0	0
2A5BF6572F03DDE4C0A2F58E6F76D8FB	51.0204081632653	72.5352112676056	64	51.0204081632653
2A8353E521DCB7845D0B5F784BE84A1C	0	0	0	0
2AF552D41635C5851C1690662A44BEE7	0	0	0	0
2B143263D463765D5D05FF458462C2D8	0	3.52112676056338	2	0
2BD0AFC98F846769BAC6CF964F5497DC	6.12244897959184	56.3380281690141	6	6.12244897959184
2CE9EBA7406000DD1B343F194155BB3E	0	4.22535211267606	0	0
2CFF605D12053275CF15C5D82D2D9756	2.04081632653061	19.0140845070423	0	2.04081632653061
2D0A0D4BBB4C749017572C1C7F03E989	0	19.0140845070423	0	0
2DA27149133310CDA8485A5CCCE29AD4	2.04081632653061	17.6056338028169	0	2.04081632653061
2DEE74FA2223C19724C34CD44380C60E	0	28.169014084507	0	0
2DEEE9C209C9C1036357FFF396FD922C	73.469387755102	69.7183098591549	38	73.469387755102
2E90ECF0D2D22F3C5F97069808DB3235	0	7.74647887323944	0	0
2EBD5C73DEFD194BF129B0FD4C77D202	0	35.9154929577465	0	0
2EE8F1F95C7ED311B6D44B650A6691EF	0	0	0	0
2EFE405CCF1E34D5557F046A62EA9609	51.0204081632653	52.8169014084507	0	51.0204081632653
2F0B8409857B7B4F3576752607A24D32	0	21.830985915493	2	0
2F42146C03553E06D9B04EF559F271B8	4.08163265306122	14.0845070422535	0	4.08163265306122
2F7B1E2EEFCBDA7EBC6922C728FA62F2	0	0.704225352112676	0	0
2F80643E95F8EC380C51C171F651BAEF	75.5102040816327	51.4084507042254	70	75.5102040816327
3040969EEDD49ACC580C5C1A1644BF85	8.16326530612245	29.5774647887324	26	8.16326530612245
3064C5753AC22286CB87581239CD3091	85.7142857142857	80.9859154929577	82	85.7142857142857
30AA98A108473E610D502FDE972D8ED8	83.6734693877551	80.9859154929577	84	83.6734693877551
30EA261D8E5FD9DF104CC34E09BB6A64	65.3061224489796	40.8450704225352	4	65.3061224489796
31379905820C98AF9F041BA3C2971602	77.5510204081633	77.4647887323944	78	77.5510204081633
317E25D9524031E375543C363F897885	0	14.0845070422535	2	0
31DDEE958DE7C283CDED68852B3FD289	0	17.6056338028169	0	0
320AE9A75E7A923852E8B8BA4E793971	0	16.9014084507042	0	0
324A873EEC37CCF2E69263BDE6815E7F	71.4285714285714	27.4647887323944	58	71.4285714285714
32658289B6F210964E9DA5A033885E33	0	33.8028169014084	0	0
332BA3E000460AD6DB4B184237F167BE	2.04081632653061	19.0140845070423	0	2.04081632653061
339DCE967DE63F4C287A80D620B4A291	0	30.9859154929577	0	0
341F4B61682CF4E1A7E084DFF7C53758	0	0.704225352112676	0	0
342E5F5FCDF6AC2AC6B64C0E0D37BB23	0	0	0	0
34B87ED2B79D5FD4691B5BB2C8875AA7	0	9.15492957746479	0	0
34C6468665614F147C159D7EEB57909C	0	7.74647887323944	0	0
34EC598790BE17AC0CCA219013504240	4.08163265306122	8.45070422535211	0	4.08163265306122
3539CEF875F88D753717F0276DBB8446	2.04081632653061	26.7605633802817	4	2.04081632653061
35621CAAC0B7304192ADF52648AE4361	0	28.169014084507	0	0
358E154A2D9A7D18F534413D97CF7849	0	0	0	0
35AA0902CAB69CC2125E7CA5D1368B50	53.0612244897959	55.6338028169014	40	53.0612244897959
35AE1A2D8A983BDA9717D253DCC7266B	0	16.9014084507042	0	0
35E9B207667338704F565417C69B234C	0	20.4225352112676	2	0
3644E7C8A1839AF0C912675D36B3B03E	61.2244897959184	78.169014084507	68	61.2244897959184
3666CA6A68D5EDC5A729DA82A05963CC	0	0	0	0
36B43ED138EEF7FF14EDC080ED51060F	0	4.92957746478873	0	0
36F275080AEB808EA840AE64CBADAB0B	0	0.704225352112676	0	0
36F29A035D0C1947BA53ED1101950BB7	4.08163265306122	9.15492957746479	0	4.08163265306122
37EC9DF876E5B64A2143C1790BAD06AC	0	16.1971830985916	0	0
3881ED11B32F5BB6880CF23EAB67270D	28.5714285714286	80.2816901408451	16	28.5714285714286
38AB680CFE1F32499C1438DD60C187D9	57.1428571428571	69.7183098591549	50	57.1428571428571
38DD65AB8FF70C1C4CF9E78DFAB2B9E8	4.08163265306122	29.5774647887324	4	4.08163265306122
38DE1054E224D29F7CF26206B8291F56	0	12.6760563380282	0	0
391171B858B29AD27301971202C9C52E	0	28.169014084507	0	0
392784A6C0DB188AC44D794C16516E79	0	0	0	0
396A2A8E2085704A2C3767F486698DC3	0	23.943661971831	20	0
3985DBA173C0C8B854282D958154E1A5	0	38.0281690140845	0	0
39B0943CE693C7CEA501E274E357511B	0	16.9014084507042	0	0
3A58BEC9E71C252518166F98C86CBE52	75.5102040816327	52.8169014084507	70	75.5102040816327
3AF84DC11AD98D986170AC0F425745CD	44.8979591836735	52.8169014084507	50	44.8979591836735
3AFBDF494FEEA265C0ACB1B358CC3251	28.5714285714286	52.8169014084507	28	28.5714285714286
3B6871AC36A01F33EB0D8F19E9065ED4	0	8.45070422535211	0	0
3B751480C1F954E585AF13B4411A9BBB	0	0.704225352112676	0	0
3B8A5695213A6B8A0FB1FD139653F1A4	0	11.2676056338028	2	0
3BB05F07F8C9B8387C36DD458CD1DB6E	2.04081632653061	10.5633802816901	2	2.04081632653061
3C0859611AB9C7776C05826A59151352	4.08163265306122	20.4225352112676	2	4.08163265306122
3C3FDAFF886326C7DFDFA1B273FC1E1D	0	0	0	0
3CBF374C6ACD3E108DFEC6F2D3DABDF3	0	35.9154929577465	6	0
3D009A70F20F6F0A91DA61B9E204A518	0	10.5633802816901	0	0
3D07951A9A337F5F98E898173985B9B9	53.0612244897959	58.4507042253521	46	53.0612244897959
3D58800F4BC837D649B08DD5932C21BF	91.8367346938776	61.9718309859155	84	91.8367346938776
3D946583C1AC8885CD8E01335F841B26	0	9.15492957746479	0	0
3DB1ED386CA341B5FEA7D649A6ABD12C	83.6734693877551	42.2535211267606	2	83.6734693877551
3DCA0D8C453AF3AF85EA45E35D776393	0	0	0	0
3DD000BB995BD13A6B35BFABFB188AAA	0	0	0	0
3DDB971F06BABB439F69618684524C67	0	1.40845070422535	0	0
3E492619C5DCDFC02F65613CEFF28EAA	2.04081632653061	17.6056338028169	2	2.04081632653061
3E7D06833324DBC463A2C957D6DC4539	18.3673469387755	16.1971830985916	46	18.3673469387755
3E7ED4B9E41517FE27765D167DA4CD9A	0	27.4647887323944	0	0
3EFC9F253D10BA10B9D28B31BB2BF2B7	0	24.6478873239437	32	0
3F449B6A795A440082E17F28F5317480	8.16326530612245	29.5774647887324	0	8.16326530612245
3F58494EC2410579DD07DEF4389E7B54	0	0	0	0
3F67792EF37EA25BC3EFA0E01F28E053	22.4489795918367	38.0281690140845	0	22.4489795918367
3FAE4362E01124A4442C37423BB29557	6.12244897959184	8.45070422535211	10	6.12244897959184
4015EE1E9CD6C56E4B84FCCF98A44F6A	2.04081632653061	16.9014084507042	0	2.04081632653061
401A40E8108D74CC64615BE6F729010C	0	0	0	0
4087AEA1046CE7A95150E49AAE8AABDC	0	0.704225352112676	0	0
40D2BA1D016056A827E71329020CCA1C	0	6.33802816901408	0	0
40EE772E63D48395E16764D8F7DCC12E	91.8367346938776	94.3661971830986	96	91.8367346938776
415E033AF33AB916877302E83BFCB760	20.4081632653061	33.0985915492958	0	20.4081632653061
41A6F19590B16CE4F1E9F63CD25C1F32	0	16.9014084507042	0	0
41DB719E12ABD3A3B1399B898E04DB54	0	0	0	0
41F0BA0B8E61B490B3D65018FEC61C89	61.2244897959184	55.6338028169014	56	61.2244897959184
420298D56C56F31B681F8104E780A595	0	2.8169014084507	0	0
42476E8951AFABA4B0C252477D5BD1BB	4.08163265306122	36.6197183098592	2	4.08163265306122
42B35708A0E52E0E84B68A806ADAE5D6	2.04081632653061	9.85915492957746	2	2.04081632653061
42D0DDCEA744BE81ABE00D19A967629B	65.3061224489796	57.0422535211268	2	65.3061224489796
4334D8659B608A0ED3459F992E950A6A	0	2.8169014084507	0	0
43450D8A4B4F7F432602CD99D8CA9F86	0	0	0	0
4362B14C277802FC0B98D395E87782AF	0	21.830985915493	6	0
4369B8A011088984F12991AA24622705	0	0	0	0
437CCAEC6AD22B03C7DBFC9AAF00C85B	0	0	0	0
43800E29829EFBEB28D1299B4F9B3754	91.8367346938776	72.5352112676056	88	91.8367346938776
43A0683D86CC383FA7615474F2136B28	0	16.9014084507042	6	0
43CD8020949AC28848274139EB2780FE	46.9387755102041	50.7042253521127	20	46.9387755102041
43DC8DEEA94BB2264DC6CC518576F739	0	0	0	0
44065800FB5330929E885ECAA2C7CFCA	0	21.1267605633803	0	0
44CCE0320B95DECBE0172C1712AD3056	6.12244897959184	21.1267605633803	4	6.12244897959184
44D34F6A1E2B662F89A3103D023EF4B3	26.530612244898	32.3943661971831	6	26.530612244898
44DC93243FFC86AA1952159815D45F8C	0	0	0	0
44EDA9E276D0A6874EECE777B639A5A4	0	19.0140845070423	2	0
453F6262D2198DFF98F9AEFB9906B3A3	0	7.74647887323944	0	0
4577655270B5EB892FC21FB73F7B03EF	6.12244897959184	3.52112676056338	0	6.12244897959184
458BCEC8844AF81DF9BF3C36E8663178	0	0	0	0
464B27EAD9C06CEE7B3B26BDBD2BA815	0	1.40845070422535	0	0
46B937781A75137ECDF1FBB8863132BE	0	29.5774647887324	0	0
47224F90AA2445DF728A660BBB6F4263	0	0	0	0
476C61A42E9F7408207FD4673C86F7DF	0	0	0	0
481F9C8AFFE98A21B6982DA550AD22D5	0	19.7183098591549	0	0
4875A3D3AA370F221EFC890E75399A19	4.08163265306122	14.0845070422535	18	4.08163265306122
48B5DF240757A87C9F140F1AFF2BD802	0	28.8732394366197	0	0
48CB779F4C839DC7FE164F077CDC99C0	0	0	0	0
48E7EC03B7A1AFEE092A465E6A4E0EFB	0	19.0140845070423	0	0
493571FF41E46F404EF8EEC92A7D963D	0	0	0	0
49CEB191DD9936E792C8A5F5390DBB61	4.08163265306122	5.63380281690141	2	4.08163265306122
4A08BD432D858F18F8921DF678EA21AF	10.2040816326531	15.4929577464789	12	10.2040816326531
4A2C336E3DDD7AE1FDE0B8699C67F990	0	0	0	0
4A6B81A680BBB4F579B2D10638FBA498	26.530612244898	50.7042253521127	28	26.530612244898
4B0679AEA13BE0C0BCBFFCC9B137D157	0	18.3098591549296	2	0
4B32950028C14FAA636A8F42C8AC483F	0	9.15492957746479	0	0
4C0B35CEF1ECD08028655CA3767DEC43	4.08163265306122	50.7042253521127	8	4.08163265306122
4C274AA96C4CCF29029427FE1F824B10	0	0	0	0
4C2B8253F7C1D119526BE8B706587EBC	0	43.6619718309859	6	0
4C2C922B30275452578BB3B29AE02C43	36.734693877551	53.5211267605634	42	36.734693877551
4C34A91BA3A7A386197E016A211B7E8E	0	20.4225352112676	0	0
4CE968BF9DDCD0E49147CA12C43DFBB5	93.8775510204082	95.7746478873239	96	93.8775510204082
4CF0A4D2BB754877428EAAFD244E189F	0	5.63380281690141	0	0
4D04788C91F91FF113BDE0DD91029C63	0	14.7887323943662	0	0
4D273286E3CAB9608BF88FFA7D2A9CA7	4.08163265306122	16.9014084507042	6	4.08163265306122
4E044598291582FF5680AA70B3569F5D	0	12.6760563380282	0	0
4E1C4F47CA43D07C64D39218313657E5	22.4489795918367	23.943661971831	12	22.4489795918367
4EB89C6C9145292141C3B564C810B5E8	0	0.704225352112676	0	0
4EDBE6692BA4E3726B06B9928C94EA67	0	55.6338028169014	0	0
4EDFC3B230F8CB55B7CA5BF9CF7834CE	0	11.9718309859155	0	0
4EE4FAD9802EE55E3CC58ACEAFE97CFF	2.04081632653061	14.7887323943662	0	2.04081632653061
4EEB186069676356300F0CAF73B85276	51.0204081632653	48.5915492957746	46	51.0204081632653
4EEBA37296B19EF55D96722E71069F13	14.2857142857143	41.5492957746479	28	14.2857142857143
4F1268396B591E03037F9892AEC7093F	0	14.0845070422535	0	0
4F1C9CB55F59A24D2F664821CD77FA16	48.9795918367347	33.8028169014084	22	48.9795918367347
4F23686941326416C1242843C47FF8D4	93.8775510204082	96.4788732394366	92	93.8775510204082
4F636A79C19CC8D901A75B12CF424659	0	17.6056338028169	0	0
4F98BABD16CBCB26BE0E5827A26CE16B	40.8163265306122	34.5070422535211	12	40.8163265306122
4FA1CDDA5F3A43D7EF71DEE56389EF1E	0	16.9014084507042	0	0
50136268544F598F0E32A60BD2787EB7	73.469387755102	71.830985915493	76	73.469387755102
50227CDAD127A8B76ED31EE5F13C57E5	30.6122448979592	71.830985915493	42	30.6122448979592
50324F552356E62983C353A646203B0D	51.0204081632653	58.4507042253521	60	51.0204081632653
5058A36A32C229FB9DB7B95C4C4EBF0A	0	0	0	0
505EE489B8665ECEB6205500047986FE	10.2040816326531	45.0704225352113	26	10.2040816326531
5114EE3329F12CED06208E5FBAE2659C	0	14.0845070422535	0	0
512F6A289EFC189D12B7F1A763A0DE7B	0	7.04225352112676	0	0
5186F12DB84433E7016428AAED51F857	6.12244897959184	19.7183098591549	4	6.12244897959184
51B2E481D2D1598C95140B69A099C85B	0	0	0	0
51CDF9F43EB2CE1DB3E3768C88F596C3	0	0	0	0
521E231F1EF52DDF940648016E27CFD4	42.8571428571429	19.0140845070423	0	42.8571428571429
52B2EF005F09B9AD629655C73EEE1AB6	0	37.3239436619718	0	0
52F474F96CBBA5A7925C10F37E2458D8	0	0	0	0
5307A1E82A2B587F1F571CFE2D7A8476	0	0	0	0
53F596877C0218D2C229208A7911D48D	67.3469387755102	40.8450704225352	44	67.3469387755102
54A1796EE3A9676DE60E36CAEC2E12FB	0	28.169014084507	0	0
54A9C18A5967F104EC0BA11082286611	0	0	0	0
54AA6C4C75E64E3BAF9AB1179C3786D6	0	0	0	0
55320A118CF5C04160C078B7B7F03429	0	4.92957746478873	0	0
55609F4B13CDFC5D27384974D668E77B	0	0	0	0
560D2E824A3C35E55BC468575632D081	28.5714285714286	38.7323943661972	64	28.5714285714286
5612DB0FEEDFA87CFC164F840A85A07F	0	14.0845070422535	0	0
5640EF875B8E0D8043F4023073955703	0	1.40845070422535	0	0
567B11232BD68002B97FAB9764B4DFFD	6.12244897959184	26.056338028169	0	6.12244897959184
5729913A617EBE12B152BA9FF1631E80	0	17.6056338028169	2	0
5734D581847730B9FC0007726537ED57	89.7959183673469	100	92	89.7959183673469
57517B43BB8C7D9008D5AA093EEEA0FA	65.3061224489796	82.3943661971831	74	65.3061224489796
575C84A0FFB8FB774377C803D40FEB37	46.9387755102041	63.3802816901408	56	46.9387755102041
575EC26D3B1D09424CC342279B1F6664	0	0	0	0
57A29778CE9CABA1408F0E8E6E6EC1EA	0	5.63380281690141	0	0
57BCEC0D900BB96569191D0E3D2F0F53	0	0.704225352112676	0	0
57C2B3FED9D13BF0704B45B00C7E70F2	0	3.52112676056338	0	0
57EA71A8587C9F96E4B1AD73F870057E	0	21.1267605633803	0	0
57F050D3784E5ABAF794B1CD16040DDE	0	7.04225352112676	0	0
5837B5585D7CF083D03F1D3986FC90AA	0	0	0	0
58429A801BAFDB57B435CA1A33651A5C	8.16326530612245	10.5633802816901	6	8.16326530612245
588A52468DE9F8E628B986574525D45D	0	12.6760563380282	0	0
58A9E3EF855F3F44E22317983024B193	8.16326530612245	30.9859154929577	24	8.16326530612245
58C7179BBB598933D6D7254E7C700867	0	21.1267605633803	0	0
58E4A6228E501D9717874AC0203BAEB0	0	0	0	0
5911079122338F9695AFAFB1276360B1	0	5.63380281690141	0	0
59554F2F49023A624C73F8BCB570D9D7	4.08163265306122	43.6619718309859	16	4.08163265306122
595E8D72B23DDAD70D036658E92AF0EB	4.08163265306122	23.2394366197183	2	4.08163265306122
598AB4885B9FC5B3B658D6C17232AF7E	0	17.6056338028169	0	0
59C54F429B6D0FD99C6E824CE9132B1F	0	12.6760563380282	2	0
59EA280FA1E7B434402B2333226D21C4	28.5714285714286	37.3239436619718	32	28.5714285714286
5A5560A4A405427DAE67A6877AD02822	0	0	0	0
5A790B4C11798AFA3A78AAE0B4A8A7DF	0	0	0	0
5AA2B567CCE2F9EBAB95D790C605E857	10.2040816326531	1.40845070422535	0	10.2040816326531
5AB24B2BBF7EEDA144E8DDE8D157918F	16.3265306122449	42.2535211267606	38	16.3265306122449
5AC522FD347771C437AD652DA6B93C01	0	13.3802816901408	0	0
5B3D365A9B14A1AF5957454E34A804FB	2.04081632653061	14.7887323943662	0	2.04081632653061
5B6208DF329849F6660F5B0BF8A869B7	2.04081632653061	28.8732394366197	6	2.04081632653061
5B947E33B0BA112453AD02ED0B6D5625	0	0	0	0
5BB5FFEE558A908A847B5043DE7C9EB6	55.1020408163265	27.4647887323944	28	55.1020408163265
5BD4EF6DF9133EDCB22DDB21CD0358E3	0	21.830985915493	0	0
5BE32F6DD2F7108EAB32D41206CEE5F2	0	1.40845070422535	0	0
5BE8824A8FDB03A7FC6E6365407DABFB	0	0	0	0
5BEEBDF8A0FCBC160BB0B50904DCABBB	0	21.830985915493	0	0
5CB274620785294C1E7831DFAAD7ACD0	2.04081632653061	10.5633802816901	2	2.04081632653061
5CDCBC4D1B7BBB149B132C931FC27996	0	17.6056338028169	0	0
5CE09DBAE203FAB715E261C66EE71719	0	17.6056338028169	0	0
5CF511680B6C11A2E00B393A00103407	12.2448979591837	29.5774647887324	10	12.2448979591837
5D080D3100C5C9698B90E3490B7B3789	0	16.9014084507042	0	0
5D6E6122B65B7895001FFFBD18393573	0	20.4225352112676	0	0
5D8A645D5E2598D9013E2CE374775426	0	2.8169014084507	0	0
5DC40C7E030F104FC7DB5F04A5FDB975	75.5102040816327	52.112676056338	76	75.5102040816327
5DF46021643B221185556FF94C75B399	0	0	0	0
5E0534219B374DE0EA54A94E474BE9D5	0	16.1971830985916	0	0
5E16D4E846B22F00429692B9BADFA394	83.6734693877551	90.1408450704225	78	83.6734693877551
5E432B55591A93A88A71DF0C75A6A5D2	0	5.63380281690141	2	0
5E58EE7FCA751D3D4575A2D4AF4764C7	0	18.3098591549296	2	0
5E73A12585DBEB2E7DF4AA92E1855DDB	0	4.22535211267606	0	0
5EAFECC546DE2B5E1D5D899CD8914204	2.04081632653061	12.6760563380282	32	2.04081632653061
5EB6A71BFE31D88C125F0587D208BEDE	0	17.6056338028169	0	0
5F1797DFF80A108C5D7BE322CD933713	0	5.63380281690141	0	0
5F601FD701E13BB1AA5A02ED723AA7AD	0	35.9154929577465	2	0
5FB1D685324C2FAF802AD9454339E7FB	0	17.6056338028169	0	0
5FF704425E7AB2D9054D23FC413A8C4F	0	35.9154929577465	0	0
5FFF3B8748A9F53F755D385BC9ECAEC5	0	2.11267605633803	0	0
601152D8C6F461EFA09263AAFC08D082	0	38.7323943661972	0	0
6011BFD851C4802364701F9E1A2563D8	12.2448979591837	33.0985915492958	20	12.2448979591837
6011DDBBC9BEFB1ABA4C58F00F088283	26.530612244898	47.1830985915493	80	26.530612244898
6060138C171E70EAB24C029CBFFDF7A1	14.2857142857143	12.6760563380282	12	14.2857142857143
608D23D5BABD577EECCB57952EFB3F85	0	4.92957746478873	0	0
60C269ED50C3A7FE6E3A583099E96397	0	11.2676056338028	0	0
610E79A80343D4FCA2BDC6F8A5C81B90	4.08163265306122	26.056338028169	0	4.08163265306122
612E43CD803DB074E5DDF0E7FD44701B	77.5510204081633	36.6197183098592	0	77.5510204081633
61789508ED153B7745D2B4F928913888	0	0	0	0
617F136FD2A8BD5FBAA88BF2C1667020	71.4285714285714	63.3802816901408	2	71.4285714285714
6183428861B63BEB36539FE4C29459EE	0	10.5633802816901	0	0
61B34B4802FEE4B4E8B38C9291E50ED0	0	19.0140845070423	0	0
61B71FFAFC3DC209551467945166825C	73.469387755102	87.3239436619718	74	73.469387755102
6245F0DCC2373796FD66B6A4FED76304	0	10.5633802816901	0	0
626B9B640EB8D76179CB106144ACC127	0	11.2676056338028	2	0
62B3420A19FC7C3034AABB1E98B57643	85.7142857142857	75.3521126760563	86	85.7142857142857
62D5D8A8BD27D67C0A66409A7F9E2F38	0	0	0	0
632CE6A908E62089597222030D5E48A2	34.6938775510204	65.4929577464789	32	34.6938775510204
637E3A6FDF2EB45308DA41F9B72E9913	0	0	0	0
63A0BA52A860F8C3D3A3F52AB1E42043	0	14.7887323943662	0	0
63A34793C82AAD38239C58FAD4C524A7	57.1428571428571	61.2676056338028	64	57.1428571428571
63A671D84D8B3C5C659F815889843E0B	0	0	0	0
63C2ECE3E300F2F830080A15B3E7327E	0	18.3098591549296	0	0
645524482316B3790153CF1FD68C1300	0	0	0	0
648BDEFC054F4A26D7DFE42AB8B6678B	0	0.704225352112676	0	0
64983998F01055EB851795443C48BDA7	0	0	0	0
64E45C3B955BF67CCE318482FC9F9832	0	0	0	0
64F54124A9BAF64A49B7E5AAFAB25267	0	14.0845070422535	0	0
65112CAB09344BB1BFE388D900CE4239	0	13.3802816901408	2	0
65562317B50A240C487F3969FDB2CBA8	0	9.15492957746479	0	0
658A7F00DB344BD77B54A751AB417D7C	4.08163265306122	31.6901408450704	14	4.08163265306122
659AC9574BBEC0FA0F580B2AAE016666	0	0	0	0
65BB30F2691FCE5DC5E9299235D82691	0	14.0845070422535	0	0
65DC8B3545EF76FA704F4AE7DB1F6E08	0	0	0	0
664992BC91807B35DC691EFBE0A726CE	0	40.1408450704225	0	0
6666734CCCDDE7D4B80ABA06D796CE85	0	20.4225352112676	0	0
666B7894DD9C3079173A9DED018E8434	40.8163265306122	50.7042253521127	16	40.8163265306122
668D86C9AE7A56F57216759584D6591E	0	0	0	0
66DFD89FFAE1B483F30E737AEBC4F1CB	0	20.4225352112676	0	0
6701BEA744046F3DD5E74F2FFDD0CE53	32.6530612244898	48.5915492957746	12	32.6530612244898
6738E4676F26525AC844B2A481105A9B	4.08163265306122	26.7605633802817	6	4.08163265306122
678DC5F445284753009C867702AEEA6A	91.8367346938776	46.4788732394366	90	91.8367346938776
685182D94BC736D8B473336C3B221D25	0	17.6056338028169	0	0
68587BA39289AD1FABF036BC4E0E34AD	0	9.15492957746479	0	0
68B0E8A408822A5437827B3E15FE1CDD	2.04081632653061	35.9154929577465	2	2.04081632653061
68BA3178D454C525291D43B4B3F0A8DA	4.08163265306122	19.0140845070423	6	4.08163265306122
68D566FB2906B384DAF7EAA823183B42	0	0	0	0
68DFAEE9CC6F399D87AA8BC8D270A177	0	0	0	0
68E12EEBA2F3C4656259F173D85B5ABA	20.4081632653061	24.6478873239437	28	20.4081632653061
68FDF9221A7936651779650B3EA87C14	0	0.704225352112676	0	0
690ECFFAE12EE08A45010DF4B196C3AE	55.1020408163265	82.3943661971831	70	55.1020408163265
698A50E2C75DA20A85D905B31D3F829A	0	0	0	0
6A182E0FEB3066CA72151D5D68610E4A	75.5102040816327	47.887323943662	82	75.5102040816327
6A60E817F007975722365B37A0DF653F	0	2.11267605633803	0	0
6AB7A0984085917C092623E7E827B199	0	14.7887323943662	0	0
6AFB802E2A060AF41385BE4046909D74	0	0	0	0
6AFD3BEF3DF110C77737A883106290E5	2.04081632653061	5.63380281690141	0	2.04081632653061
6B0E3263A945FB90F0D8F54C8A5AA82E	0	0	0	0
6B506B99E94CA7C2FBCFC93FED448744	61.2244897959184	73.943661971831	72	61.2244897959184
6B5D7E88B8860AE2903E635A13A298B1	18.3673469387755	88.0281690140845	0	18.3673469387755
6BB45A16A194C8D8EF2637A36C84B52C	0	12.6760563380282	0	0
6BCAC35CD02C03BB5821C07BEB9EF08E	20.4081632653061	26.056338028169	38	20.4081632653061
6C072BD0E9854C7B2079D3B2F06D0E8F	0	16.9014084507042	0	0
6CFB66A07897E57A34B0BED232677AD1	0	25.3521126760563	0	0
6DCDE08C53BDA00BC9E4671CF8EFD422	0	16.9014084507042	0	0
6DE392044B7BFF661DB07119375C2A41	0	14.0845070422535	0	0
6E062FC408C618D7F5E4EBED727CF413	14.2857142857143	29.5774647887324	6	14.2857142857143
6EBB5473C6F5D335650E70ECA9DB5C18	0	0	0	0
6EE6211E32C0B90FEB358D0372EAE789	10.2040816326531	33.8028169014084	0	10.2040816326531
706211A74099C97630BF5C4E8D16316A	0	2.8169014084507	2	0
7097995D0BD03610D7BF2F67E14EF26F	0	0	0	0
70E123CDA6C7FD0829A9C58941789010	0	0	0	0
70FFB5384047FFD60C7EDA5B7C99679C	0	0	0	0
71450FCE8CDFDB427817D2F1F7BFD1ED	0	4.92957746478873	0	0
7186050A556348923F4DE7425AFFBEB8	0	59.8591549295775	0	0
71EA9F8D212FFF5AAF864182D7F9AE4F	0	8.45070422535211	0	0
725A891FAA7FA4222234F724044BEE43	0	0	0	0
72E991B9A241DA36314E8E438FC2C701	0	29.5774647887324	0	0
72F45E2C49A1AF37126B2E17506EACE8	0	0	0	0
72F463089EAFB36C34CA42FA01ED90C0	2.04081632653061	2.11267605633803	0	2.04081632653061
73437660B5ED560EBB9ABFDC54A24CE0	0	0	0	0
736527A831C779D2EAB658736E21FB5E	0	21.1267605633803	0	0
73D0CF7197D42DA5248FAC3EE8F284E1	0	11.9718309859155	0	0
73FBAB3556E2B07DFBAD4F8CE4B46BEE	4.08163265306122	23.943661971831	14	4.08163265306122
7410A6917343BDDCAF87EEA537BEFC18	0	9.85915492957746	0	0
74286BEF7D83F33C2FD89A904E282C2F	6.12244897959184	40.1408450704225	6	6.12244897959184
74BFADA7E52C132B8FF06BF668BE3206	0	0.704225352112676	0	0
74D36A4CC11144D5009B7F03D22E9710	0	11.2676056338028	0	0
7556E5B3BB603D64A009821F8442697A	0	16.1971830985916	0	0
757F38A7359890B136066890787A4990	0	11.9718309859155	2	0
75A2F97EBF2F6937FE174615F2272D49	26.530612244898	7.74647887323944	30	26.530612244898
760653BA9F66B7EAAB0859E93A292C46	91.8367346938776	76.056338028169	100	91.8367346938776
76427A83FA95F9E9A8CBC487892BA708	0	0	0	0
767B7621BA5B9F7A0128B93E8EEB549F	0	6.33802816901408	0	0
76D2C15026BE82D4C32D388ACCDFAA60	0	22.5352112676056	2	0
76DA426BA66D9780C46698FB28E5DB6E	6.12244897959184	9.85915492957746	16	6.12244897959184
7708FC420806B4EDEE7F8769A2C8E898	0	9.15492957746479	0	0
771C5DB5F74F011B5E59C7D41ED16765	0	0	0	0
77A47BE7001227291AA8957141378318	28.5714285714286	38.0281690140845	20	28.5714285714286
77C0B803557609DA2B49A6341C4C97FA	22.4489795918367	9.15492957746479	20	22.4489795918367
7878B4B7EC5A52E661E7D054DC8DACDC	0	7.04225352112676	0	0
789E0886ECE540CF890215603DE03572	0	0	0	0
78A1370FAB0AF500AB183457C006ED90	0	0	0	0
7914EDF16267884656A082E12A862929	0	0	0	0
793018CC0A3EE79369EFB33804C4C1FA	0	0	0	0
794BE36D78E44814E322996B2BDBE10F	77.5510204081633	69.7183098591549	82	77.5510204081633
79BE88D2763C0A96D7E4F6F8FB0A7D04	0	17.6056338028169	0	0
79DB1D50311E2F74C77216C790BCAE7E	0	16.9014084507042	0	0
7AA03FD675A1D240807C4987D929A30D	0	0	0	0
7AA67AB7E9ECAB567DF0C18F37D08640	63.265306122449	34.5070422535211	38	63.265306122449
7AC419D742D80FAC5D56B05AB13B36EA	83.6734693877551	89.4366197183099	86	83.6734693877551
7ACDE2C62FC2B3F88A806A738B672436	0	0	0	0
7ACE5BDC8826F0F53D980EDC1136D90B	0	0	0	0
7AE34DCBC5ADDDA68171872D4CC788B4	2.04081632653061	41.5492957746479	2	2.04081632653061
7AE3EA2C8420C79DE8EBBDBE5B5B7F40	12.2448979591837	15.4929577464789	12	12.2448979591837
7B42CDBD10E3F1B9CCD471265C048D34	28.5714285714286	64.7887323943662	2	28.5714285714286
7B5B40C7825FC1427FFEE7AFB0553F2F	6.12244897959184	21.1267605633803	0	6.12244897959184
7B75C08266713FEE8B983E64CE73C9D7	0	5.63380281690141	0	0
7BC7605BC81E66D1F3A65AF587E5253D	0	18.3098591549296	0	0
7BEAFA8E16E909F04BE0A4094EE336AB	28.5714285714286	76.056338028169	28	28.5714285714286
7C3B319FEBA3EC7F608E53AE3401E399	0	20.4225352112676	2	0
7C841CA576B81ADDEC0B191D187F5422	0	11.2676056338028	0	0
7CDAB770352E87947C9758DB69B60E6D	8.16326530612245	16.9014084507042	12	8.16326530612245
7CF290DF6DB374D557DD75CA93356A27	0	11.2676056338028	0	0
7D092A9E066B0A488D9729E02DF9FBE5	32.6530612244898	47.1830985915493	38	32.6530612244898
7D7C6707A109EBAD556DFB6D1128354E	0	0.704225352112676	8	0
7D7CF00235723F9DA3EC99A4D0EFC890	0	0	0	0
7D8349E5B63137659402D032240BAAF1	0	24.6478873239437	4	0
7DCBD090C37A0DB180AA01248CDF0E20	14.2857142857143	35.9154929577465	20	14.2857142857143
7DE355A650DFA318BD49E224164F590D	0	0	0	0
7E1B30F56333CF17B196459236C9281B	0	0	0	0
7E40DB6E2C68BE7E317016BF2C7BD789	0	45.7746478873239	8	0
7E60E0E473A3D89DCFFC2D340C73A917	10.2040816326531	46.4788732394366	68	10.2040816326531
7EA556BC246DB6C5856048826C09F41D	0	0	0	0
7EBD64D69A9C42C686DB30D7010092BF	0	19.0140845070423	0	0
7EC666E95243C4D2846578ABAEE3CF5D	0	13.3802816901408	0	0
7EEA8A290B8E702A7DE490E3FF763B18	0	19.0140845070423	0	0
7F175E7B924D77F57EED345C6A742BED	0	6.33802816901408	0	0
7F32E3F3AB776B5CB8B5293794777F2C	0	18.3098591549296	0	0
7F4382926C159A9131654D1A006E3487	12.2448979591837	21.830985915493	2	12.2448979591837
7F8838FD35A0E15F2EB0E5B858D64978	16.3265306122449	30.2816901408451	16	16.3265306122449
7FEEAE9D39A5B91F6156EE60F5AB0F4C	0	24.6478873239437	8	0
80128429107D0919DB6E8DF08E54DC10	0	14.0845070422535	0	0
80793BA74073CBC2AD73350FC6F0D8F0	67.3469387755102	66.1971830985916	20	67.3469387755102
807B625105855FCC1AD93F290D966717	0	14.0845070422535	0	0
80A2F3F86C5A7BC31BF2429F1EB5D2B7	0	30.9859154929577	2	0
8100F8305AAC603C908BB9D0CA263B43	2.04081632653061	31.6901408450704	8	2.04081632653061
813B600AF844DB9B255C91B74AB9D316	0	16.9014084507042	0	0
816EEFC68076F5657BF53AC3184F140C	0	0	0	0
81CA85D72D53D5B127C6C44F462A8FE4	8.16326530612245	18.3098591549296	2	8.16326530612245
81CCF2C4507B44141CF3FB2E5E692571	0	14.0845070422535	0	0
823265B0115FBDC68DE81BD9E8C21B3E	24.4897959183673	41.5492957746479	28	24.4897959183673
82BDFEBD72F4B9308622EA088F1E59FE	0	16.9014084507042	0	0
82E0F337AB726FADDC01ECF122978F37	0	0	0	0
837DE4835DCDCD9537DA7C17549CCE9D	4.08163265306122	21.830985915493	0	4.08163265306122
83B4D1F222C7302F65F3AFD6E9608186	0	35.9154929577465	2	0
840218E3010AEDBB22BDCAE8438B7A04	0	4.22535211267606	2	0
842D032BFF427C41C1D870744847CBDD	0	18.3098591549296	2	0
844B8076DBD90F234664A5EC498A9B38	0	19.0140845070423	2	0
84578A9DDB0BCD1160546BD5836CFBCE	0	14.0845070422535	10	0
845BE1D9EA428A6E09A6275D316634BC	51.0204081632653	85.2112676056338	72	51.0204081632653
84663D35A7CA1701E043FFB7C4E1122D	48.9795918367347	54.2253521126761	20	48.9795918367347
846CDA26035D95A55A69259529E8A19B	71.4285714285714	44.3661971830986	70	71.4285714285714
8472486EDB4C2DBCF1D1A84B81F4964A	0	16.9014084507042	0	0
84B5F7536B11653553806D4B2AA7E3E8	10.2040816326531	19.0140845070423	0	10.2040816326531
84FDDA537FAA4F298C5F4B188762179D	0	0	0	0
851E1F23665E1F32A9F627E5DC99B279	0	21.830985915493	4	0
85268C7A65DFC75EF928840E1C408F5D	0	0	0	0
856C9A2A8C398D9768671C5E114AE9A2	0	32.3943661971831	2	0
85727EE63C8DAF894D0B434A7B8E8E14	0	36.6197183098592	0	0
8586FE9EBA075F65AD70EE4279F8B00A	2.04081632653061	24.6478873239437	2	2.04081632653061
86DC73F64CF5A12CE16F7E7006B1ED21	2.04081632653061	11.2676056338028	20	2.04081632653061
87266495C5FA66CF455593A1D867E9FD	0	4.22535211267606	2	0
8766E5EA52FBEB7A3C5F006EE97E8225	0	13.3802816901408	0	0
877E4338E1C7B23489A6578A0A0DEE4F	0	6.33802816901408	0	0
87D12E0FAAE593F39FF8D891A3CFA025	14.2857142857143	28.8732394366197	14	14.2857142857143
885180A741CF8B14A0B3F2607BD09C59	0	9.15492957746479	0	0
888846AC13911B934E05900A49ECF844	0	0	0	0
8896AA0F0CFC3F0D4EBD5C8A03685E3E	28.5714285714286	26.7605633802817	24	28.5714285714286
88BFB23184AA2BC5C60F96B2F9E3578F	0	14.0845070422535	0	0
89A045E91E4A83D9E148524EF9BD688D	16.3265306122449	11.9718309859155	2	16.3265306122449
89B68A56B221C298D702EB8ABCACDF2B	0	17.6056338028169	0	0
89E9D0EC55DC0ABA68E0A4A403777BE6	69.3877551020408	64.7887323943662	50	69.3877551020408
8AB2919E6802D7F0A3114DFD124865F2	0	16.1971830985916	0	0
8ABE6055BA77C541E29D590669902E5D	53.0612244897959	26.056338028169	58	53.0612244897959
8AC4FB81513AB54A7DE6927FF45D26C5	91.8367346938776	96.4788732394366	88	91.8367346938776
8AE9F66330AB4C13F00B46E607698C14	0	21.830985915493	0	0
8B0BF4C43F83D93452E4A22424A66A26	0	20.4225352112676	0	0
8C152BF037A6E9A5ED960DD03ECAE20E	2.04081632653061	31.6901408450704	2	2.04081632653061
8C1F0D4F7437472D1E6923E843716904	48.9795918367347	76.056338028169	44	48.9795918367347
8C28149EAF9DF5515766B96801E5E94D	0	0	0	0
8C2A189567325DC666D09FA95AB264F2	0	6.33802816901408	0	0
8C6FA4B8E7535C4ED40605950B880A04	46.9387755102041	57.0422535211268	46	46.9387755102041
8CE671B2CCB3D1734865789B2D7F25E5	0	31.6901408450704	0	0
8CEAC9162D4E686C4F0A101E87980D79	0	9.15492957746479	0	0
8D6976AC7D80EA93114D277725BC40AC	0	12.6760563380282	0	0
8DDE700D574CA123951D77507563A27E	6.12244897959184	44.3661971830986	6	6.12244897959184
8DF01820497074129342AFC6F7BC171E	20.4081632653061	44.3661971830986	2	20.4081632653061
8E0E47CB1C1DE7397555FBBA4F13983E	2.04081632653061	18.3098591549296	2	2.04081632653061
8E21154AB95F38DBCE4F7F2B9DA2A45F	0	5.63380281690141	0	0
8E4A688E75D18F5EBEC0DA189E5AA656	2.04081632653061	16.1971830985916	0	2.04081632653061
8E5EA38C8A05EF5155E7E8E901A22EAA	44.8979591836735	35.2112676056338	56	44.8979591836735
8EAF502CAD4187C58BAA15DA5E97C916	20.4081632653061	38.0281690140845	2	20.4081632653061
8F113386BAAB76C8F7EDDAFFDC09137C	6.12244897959184	24.6478873239437	14	6.12244897959184
8F2024D31E97DA24A5E6E055558C24F5	6.12244897959184	11.9718309859155	0	6.12244897959184
8F259487DE0D3945281E377CD3FD7E08	0	4.92957746478873	0	0
8FCACB9B32814282563C6768A2C8987D	0	7.74647887323944	24	0
8FFD359F01E3EA1A1A9D8D632626A695	0	0	0	0
8FFDED7B68B46C3796B56FA2FAE4B020	0	57.0422535211268	0	0
909F452F8C7A15C27B18CEC7832663F9	0	0	0	0
90A75B9B296EADDE728EEFE9E73C7067	100	81.6901408450704	98	100
90AA62EA9D90EA3C38796F4F1E95A4A8	4.08163265306122	5.63380281690141	4	4.08163265306122
912A197A88CEEDE313B8F0E42690A66C	0	0	0	0
91676A08D9C0A4CE547122E3DAAB4930	0	4.22535211267606	0	0
91725C012A168ECA7F641CBC27033659	0	0	0	0
92D693281511BFFB0B3E1757F140B455	93.8775510204082	95.0704225352113	94	93.8775510204082
92EA53B6D4BBE7C9B658C74193CFEC39	0	0	0	0
93DF6AC0C614C638B74F69EA1175C1BA	0	0	0	0
93F006B9D1CAE3958BECDCDFD97E29A9	18.3673469387755	43.6619718309859	16	18.3673469387755
93F343B30F170024B573079180071795	0	2.8169014084507	0	0
9436F1AD2D3CA103790A291AC6B03308	0	0	0	0
94888105B677116AE67EFBE6A1A0A823	4.08163265306122	15.4929577464789	8	4.08163265306122
957A6F55DEEFEA15DFAAB8EEEFB8DC7E	2.04081632653061	5.63380281690141	4	2.04081632653061
9596CFBACB13D590DF3251A8CFEB6E5C	36.734693877551	56.3380281690141	36	36.734693877551
95AE54F9A79B76AC3752FAC4C975CE27	34.6938775510204	47.1830985915493	28	34.6938775510204
95F3471AF9C7AEBF9F7BAA4F3EC7573A	0	19.7183098591549	4	0
9622920D98668D15C7C0B9EB21EEB8E4	0	7.74647887323944	0	0
962D372AD3B45E49700383B4CC85679D	0	18.3098591549296	2	0
9632AFFBEF1A30524AA0939A4F4A423E	91.8367346938776	88.7323943661972	92	91.8367346938776
9649DF7094F1C2AC1C37E60C85CA61A6	0	5.63380281690141	0	0
9690A3D72012BF37E7F1F95E6E602946	0	0	0	0
96CE0E34EB7AF6B37E02B84B83D77C68	10.2040816326531	23.943661971831	0	10.2040816326531
979F69D32445F8CE637E42FC5E3F543B	20.4081632653061	29.5774647887324	36	20.4081632653061
980053AA7BC01A0455711C2A46357C1F	2.04081632653061	22.5352112676056	4	2.04081632653061
981730F012ACDFA72813EE3A0C82AD1A	0	19.0140845070423	0	0
98CC340110DDAE51D6786E35F7F95493	0	0.704225352112676	0	0
98D6AE4C1092D836FAE341935B56D8EE	0	11.9718309859155	0	0
9943ABCAF8C1DD12EEFB31AD944B56EE	67.3469387755102	42.9577464788732	78	67.3469387755102
99DBB8775DD933D7A9A8681BA88269D7	0	0	0	0
9A7D821D5608A84FAAC6BB8C947706A5	0	0	0	0
9B3A32A7ADF42DC786798C1A6CE456AA	10.2040816326531	26.056338028169	12	10.2040816326531
9B42878F67E1A570E6B3973D737D57BF	10.2040816326531	42.2535211267606	12	10.2040816326531
9B5CEB80AC766CA3D3963BFB25E85344	0	16.1971830985916	2	0
9BAC9224FDA04DD45E22C3A9304AEC65	0	18.3098591549296	4	0
9BE43ADC4C4635210E7A7DBEC7B90E9E	0	0	0	0
9BFD747E2BF268AAA603550CE107B9FE	53.0612244897959	53.5211267605634	58	53.0612244897959
9C04272A9AFAE35E8011544F8C077C9F	0	0	0	0
9C147E8667546FC5ACEB28EBB8B9B23C	0	1.40845070422535	0	0
9C3074379B8EA74C307A8545EA3DE356	0	9.85915492957746	0	0
9C3C2F0E2D9012E5FAF88B2791A73068	0	0.704225352112676	0	0
9C6388F403CBC08EE0D15136319663FD	0	21.1267605633803	2	0
9C688E3674EFA9A68F22C386C74AC559	0	0	0	0
9C7FF968460E9945B48B3D04484E805A	48.9795918367347	95.7746478873239	22	48.9795918367347
9C82C635D7461F0D1808743E09B7FD1F	0	38.0281690140845	0	0
9C83B4219594100BA9EC70A9BB94CB4B	75.5102040816327	78.169014084507	76	75.5102040816327
9C91EF7599884756661BC7A2203C582C	2.04081632653061	52.8169014084507	0	2.04081632653061
9CC1C3DCAF86351BACC2D229475D74E2	0	21.1267605633803	0	0
9CD5DC945613E2E7259F1430244037D5	6.12244897959184	26.056338028169	10	6.12244897959184
9CE772B0E513EC8A419556D09B1E1AF7	0	0	0	0
9D0007BF7294E35328C03CA291A5D92F	0	19.0140845070423	4	0
9D332E4C26835E6EAEFC11DD77F52757	0	0	0	0
9D3535DFD387AFD4961065DEDEB59F0E	2.04081632653061	21.830985915493	6	2.04081632653061
9D41268212590E51636D03E029C9D7E6	8.16326530612245	5.63380281690141	0	8.16326530612245
9D51F035F77B48757CE53271EFDE84D2	0	0.704225352112676	2	0
9D7B116C78D558CAA81842BD97595EB9	0	0	0	0
9DAE04CABEBBF8C9A4A0A533964839C1	71.4285714285714	42.9577464788732	62	71.4285714285714
9DBE48C142BF2F527C87F9219A08FC5E	14.2857142857143	45.7746478873239	36	14.2857142857143
9DE4B30A5233FF3761E411077FEA8672	0	9.15492957746479	0	0
9E331DCE92F0C0EC152D5A8E96102A6E	2.04081632653061	21.1267605633803	0	2.04081632653061
9E39D2AB219BA7B5664DA84C8A9686E7	0	28.169014084507	16	0
9E8332ABC6D17192E9E8A07EF0D45D2B	2.04081632653061	21.1267605633803	0	2.04081632653061
9E870C1101FD15529CB590F9138A0400	2.04081632653061	11.9718309859155	0	2.04081632653061
9ECD64596AE12FF4140A5F5E924F12D4	0	3.52112676056338	2	0
9EDF9B9FA951908E3C39937BEE4E3203	0	19.7183098591549	0	0
9F8E79A0A3E391FBE499192070FF76F2	0	2.8169014084507	0	0
9FEB4C3DF1EF4623423C7DCAE29524FB	0	16.1971830985916	0	0
9FFAA72D8BC79C320C05A543A9040EF5	0	18.3098591549296	0	0
A00959B7FF97F2C58862FD0D99EF6909	0	23.2394366197183	60	0
A01F7166308A09BCE0B4F5DFDE24BFF2	24.4897959183673	75.3521126760563	26	24.4897959183673
A09F17703946F0BB6BFC988B636E592C	0	13.3802816901408	0	0
A0B054EB4992080A84D84B973786C94A	0	14.0845070422535	0	0
A0B541CA8E69D05A3999919B1CD9F517	0	8.45070422535211	2	0
A0E10825BE7CFD0FA5FD434C31963CC8	85.7142857142857	44.3661971830986	32	85.7142857142857
A12B36F2A6AED5E80F19CE0A5039AFA4	0	4.22535211267606	0	0
A12D5DFDB0F7BDF4048F0CCE0F13A84F	4.08163265306122	3.52112676056338	8	4.08163265306122
A15704D11B47C92ECEFA691A85FA9CA6	0	14.0845070422535	0	0
A16EB947DDABB5FEE7478157306D4072	0	11.9718309859155	0	0
A1A2D21CFF547D739BDF56B6B67F1CFA	12.2448979591837	40.1408450704225	16	12.2448979591837
A1A3EADA7E40B631AB4F6AE6A8D099B6	48.9795918367347	52.112676056338	58	48.9795918367347
A1B193618D5E9F6DCD7A6A56477D9E61	0	4.22535211267606	0	0
A217A6CCBD39C79877467A246EA35ACB	0	19.7183098591549	0	0
A270C73706E01C104A8A7F412CB060E5	4.08163265306122	16.9014084507042	2	4.08163265306122
A27DDC9DD4CB191DE126B0F67794F053	0	0	0	0
A2D1B549151212ACD6F95B48A44ED6F9	2.04081632653061	15.4929577464789	0	2.04081632653061
A2EB9F11D9022241FA8264D6C76AAA7B	0	23.943661971831	0	0
A2F937D585892D45712AF411257C156D	0	0	0	0
A3D1C1224961CCA54DF96091AC9F3B76	0	21.1267605633803	0	0
A40CA5BE2DE107F111BE6370A2F98056	0	0	0	0
A45877EAD3CF79EF921256DE4CA11F41	34.6938775510204	40.1408450704225	36	34.6938775510204
A46AFA0691DEBE7C8863B9FBDDFEDFF3	0	29.5774647887324	2	0
A4AB4450602DCCC8138B604831F05D78	0	17.6056338028169	0	0
A4BB465CF4111D84F504DAA049C20DEC	85.7142857142857	66.9014084507042	82	85.7142857142857
A4F8527E0301E8765F99BF2DEBA97F8F	0	21.1267605633803	0	0
A53764AF12E3634BCD7FEF9B0DF928DC	0	7.74647887323944	0	0
A539FDD1030D1EB293366266C62EEDAC	0	7.04225352112676	0	0
A597C7D96554440C336F554670EE702F	95.9183673469388	97.1830985915493	92	95.9183673469388
A5D00FCEF044E7193CACAD7F679255CA	0	0	0	0
A6144A16E47072DD598949E6017FC037	0	16.1971830985916	2	0
A621F7AC338EB303DC5DD952B0E16178	0	0	0	0
A63474FD7932E8B0018A567460E339E4	4.08163265306122	2.8169014084507	0	4.08163265306122
A68C5751DD13641A3AFF4D15C366180B	0	0	0	0
A68DD463ADD85056629E2CEFE13D3F41	0	30.9859154929577	0	0
A6C529A00039EEF87A367F6E2D84DC92	0	4.22535211267606	0	0
A78490EDC20238FE281AD86075CEE64A	0	19.0140845070423	0	0
A7900FF2D730642EF8596A69563F9156	0	0	0	0
A7D307BC7CA8A0BE6E0559D89329B686	0	0	0	0
A7D3E706B582F27BE2FCBD831EDA4AE3	0	0	0	0
A84B7EF752015E3103D1252779E9DFE1	2.04081632653061	16.1971830985916	2	2.04081632653061
A8A879F257943802AA0AD3F85F4D2E85	0	0	0	0
A8B2778B0EF812BEDDE40A9E41A4801E	77.5510204081633	82.3943661971831	82	77.5510204081633
A8BDC08F15A08F851552D7C55A508A94	12.2448979591837	17.6056338028169	0	12.2448979591837
A903B72EB6BB37A7BCEF2CC0FF4111D7	0	43.6619718309859	44	0
A92E54BCBB2477F4684E0BA28A97D587	2.04081632653061	0	0	2.04081632653061
A95651B5EB9FF1182C4E3AE2D002E6A8	0	0.704225352112676	0	0
A98F2DA8D0E0F9AC2B25FAAF8551902D	0	1.40845070422535	0	0
A9A5438E96075A3B1D51087947450166	0	3.52112676056338	0	0
A9CFD520D405CF3B1CDD98C2805CFC71	26.530612244898	54.2253521126761	40	26.530612244898
A9FE375A9D7D8D45AD71C749C468D48C	36.734693877551	24.6478873239437	20	36.734693877551
AA20DB4EA1E284939E33840FD1472611	0	0	0	0
AA2A10B139CD75F4D4D13179AB52EF83	83.6734693877551	67.6056338028169	82	83.6734693877551
AA4CEE9CC7E81E662AFA270A588EBA34	2.04081632653061	0	0	2.04081632653061
AA4D6CA98FC06350907A173B6E75B744	0	0.704225352112676	0	0
AA61F623D9B1949D9D3BBBDEFCACBA4D	4.08163265306122	43.6619718309859	0	4.08163265306122
AAA0D99DD4972CEEBD2182809BE477D6	0	0	0	0
AAA1A3BE310CDCDCA5041531F5681DF8	44.8979591836735	46.4788732394366	0	44.8979591836735
AB29A552B6236342F4360154A5B49B99	38.7755102040816	54.9295774647887	40	38.7755102040816
AB93550BFF10418F6501595027BAEB18	0	0	0	0
ABF4B5E08C71226B81C065B84D78CEFE	2.04081632653061	9.85915492957746	2	2.04081632653061
AC006D9549FA48870CD7594F52BC2260	0	0	0	0
AC0E1083A859AE7F4E15844F8E6707A9	20.4081632653061	37.3239436619718	2	20.4081632653061
AC2D35F19848DBC0EE80978776E71F2E	44.8979591836735	58.4507042253521	66	44.8979591836735
AC34D53DCE6C294E0054493F0D4A9B65	0	0	0	0
AC86B240A21012E26BC6DE0EB30A998D	20.4081632653061	22.5352112676056	22	20.4081632653061
ACC5579BBF20E32AA3AB664E498159B5	4.08163265306122	7.74647887323944	2	4.08163265306122
AD78148413BE3AB00146C9E1CA42553C	4.08163265306122	20.4225352112676	0	4.08163265306122
ADD9A0C955B45421D5D684D7479FC46E	0	16.9014084507042	0	0
AE42AB0B108D0C50C280458AF762E8E0	0	0	0	0
AE47599A461E4CBC36FE51C5CD9BF894	0	0	0	0
AEC8AF1C8E6E87DEC58D802D5A0BCABC	0	19.0140845070423	2	0
AECC2B1135CD783FBED2BD8624451FEF	0	0	0	0
AF1CEC055B5A6BA865B026E385809CFB	0	0.704225352112676	0	0
AF31B190CCB2C9D0A0A1998234FBA3D5	0	2.11267605633803	0	0
AF4848BC19CE8BC6471F3B52E5B2A7CA	0	11.2676056338028	0	0
AF5A438BBA2473F17F9C357000356C24	0	0	0	0
AF5B31C918E72623B222F54C14BAF433	0	0	0	0
AFB0AC1E8B116402D7D9166EF154A028	0	3.52112676056338	0	0
AFDAA81FCFBDA080A2F0C5D5CBD9F8D5	0	0	0	0
B03F1B6438D289F6370C89907BF97D04	2.04081632653061	36.6197183098592	0	2.04081632653061
B04CA92F04DD582698DD3782C7BF68E0	0	35.9154929577465	2	0
B0A87053FBE80E575B6A4EFF3495C236	46.9387755102041	49.2957746478873	2	46.9387755102041
B0F1ED833048853E0AA7CF9E8FB8D183	83.6734693877551	44.3661971830986	10	83.6734693877551
B1290C7325424E1CB9A5228CFFD33124	0	36.6197183098592	0	0
B172D9D66DAC8F9D3C1D3B5CDEB9C996	46.9387755102041	83.0985915492958	82	46.9387755102041
B1817C5A3FE455C374DA04321D7D34C3	12.2448979591837	31.6901408450704	20	12.2448979591837
B1A7C38E011FDA261ACC8BB7793E9948	0	7.04225352112676	0	0
B21ED5101969ECD31C094B6D0E6E6C77	0	0	0	0
B22C40C49EBA7D50581AF9C10E77C2AF	4.08163265306122	9.15492957746479	4	4.08163265306122
B251579E037D6E66F92E7F9F18B9CF6A	0	4.92957746478873	0	0
B274E9ED550608983C2D32A23EA0621D	0	7.74647887323944	0	0
B2BD9B92FCAFA0FC4C84E471FB350214	12.2448979591837	35.9154929577465	12	12.2448979591837
B2F66764AB278CCDCAA312BFE2219378	59.1836734693878	71.1267605633803	54	59.1836734693878
B3065CCCFA6EE81870F3350F01233354	0	0	0	0
B31518BBF74680992C246D02D57CAC48	4.08163265306122	47.1830985915493	62	4.08163265306122
B343988ED5B40DAEFC2A28DECB5FA197	0	0	0	0
B35EA84DF9CB14B4176186558996C390	0	19.0140845070423	0	0
B36EE0AF1393849DB03B659FB72C774C	0	0	0	0
B38AE5C04EE0C336971D34BF16BD12C4	40.8163265306122	55.6338028169014	2	40.8163265306122
B3EE265C80A6A9D6ED3C44EFFB9D6CF4	2.04081632653061	4.22535211267606	2	2.04081632653061
B41442A274F7B844A75B1FE4544DD2CE	10.2040816326531	50.7042253521127	4	10.2040816326531
B42B80F57BEABE6C94AAE730522B452F	24.4897959183673	49.2957746478873	44	24.4897959183673
B4534250152D8FC862ACB9FA3FCDCCF7	30.6122448979592	42.9577464788732	58	30.6122448979592
B48260DE938555215A9EC7012C2CAA69	87.7551020408163	92.9577464788732	92	87.7551020408163
B4A13AB2F9793A90EBC8380815757220	57.1428571428571	60.5633802816901	48	57.1428571428571
B4A1F28E9A8C7C97119CAC237E74C0F7	2.04081632653061	0.704225352112676	0	2.04081632653061
B4F115A2B897C9C3B45E79A46CBFED9C	8.16326530612245	16.1971830985916	26	8.16326530612245
B5069F0DAF8161F06232C5673132C7F0	57.1428571428571	75.3521126760563	56	57.1428571428571
B512B7C0945D09EF5B89A36B93217E9D	18.3673469387755	17.6056338028169	16	18.3673469387755
B5259F6DAA0C2F9DD9E7181BE03D6FFF	0	14.0845070422535	0	0
B53E0AE835039DC27CC0FA71CD3FE691	4.08163265306122	8.45070422535211	12	4.08163265306122
B5720B7202B421F71946209F260EABC4	0	0	0	0
B5D82593877188C92BA962761CE62465	48.9795918367347	43.6619718309859	56	48.9795918367347
B6218075F3CC2536B96657A7D74C352D	0	7.04225352112676	0	0
B6296F7602293375F42D043C67625128	0	12.6760563380282	0	0
B655A590102CDBB3393EADF1F8AD89DF	0	16.1971830985916	0	0
B65A06F2BCFEF48533DF5F2CC55C8A5B	0	11.9718309859155	6	0
B66C3993651DA37829C9F94EAC566179	16.3265306122449	47.887323943662	34	16.3265306122449
B6B4ABB92C62E3DE7E70ED351E07BC19	0	19.7183098591549	0	0
B6CB617355C8C06E72BD7DC842BFA59B	0	0	0	0
B718B6352E5E4FDEADA67879B918585E	0	14.0845070422535	0	0
B74F100845A3B437D0B12E35206278B8	24.4897959183673	33.8028169014084	12	24.4897959183673
B75FFBC5EFB86C170038895878C4A967	79.5918367346939	78.8732394366197	66	79.5918367346939
B770C78F110BED4F8A7E21F2EE6319FB	2.04081632653061	15.4929577464789	4	2.04081632653061
B89226E3706A6FC77CF70DD135642AD2	48.9795918367347	49.2957746478873	38	48.9795918367347
B8B9149673503EFB13D9BFED9F531736	2.04081632653061	6.33802816901408	2	2.04081632653061
B8D45DDB7253A31DDD1DE80FF79113F0	0	0	0	0
B8E3548B18FFAB3F98F80611CCF77E4B	14.2857142857143	16.9014084507042	4	14.2857142857143
B90DB93925163FEFCB530C000B305A68	0	19.7183098591549	0	0
B92B3C00973449AC76AF56117AAD90EE	26.530612244898	53.5211267605634	34	26.530612244898
B94C5BED0D96EE3E804184DA42CA0F8B	0	0	0	0
B9A8AE130782ABC7FBF7E8BFA43C1917	6.12244897959184	68.3098591549296	2	6.12244897959184
B9C9CC5FD9F0327F795C5ACA430BE366	0	12.6760563380282	2	0
B9E49F8B4BB8EB7F8BA797680CE6CE57	32.6530612244898	22.5352112676056	72	32.6530612244898
BA2F970D1D11E683D666070028E46A2E	16.3265306122449	20.4225352112676	0	16.3265306122449
BA6A8F46CF53B231EF7620EB8CE2FCDE	0	45.7746478873239	4	0
BCB824B998BB5C656709297D53B23E06	2.04081632653061	4.22535211267606	0	2.04081632653061
BCD12E906331ADE43EFE5E4ECB9AD5E4	4.08163265306122	91.5492957746479	66	4.08163265306122
BCFB8E9FFDC5124720E0AC21A96219E4	30.6122448979592	47.887323943662	70	30.6122448979592
BD3B3D92475202F1FFEEF12220E6C1E9	12.2448979591837	19.0140845070423	24	12.2448979591837
BD531B762857AB99788EF172955F725E	0	2.11267605633803	0	0
BD67628C2D4B3651752EF53F213B0FDD	0	0	0	0
BD8081B111403CD3A09B42DC75BEB0AB	0	0	0	0
BD964D7D17ED8B0AFC9179853543FB51	0	9.15492957746479	0	0
BDBB9043B12BDBB2961DB6C4069023D1	2.04081632653061	35.9154929577465	4	2.04081632653061
BDF4DD04BA75072A926927D6EC8550AB	79.5918367346939	39.4366197183099	2	79.5918367346939
BE406EF8BCF5B7FCAD4B8D2E690C0272	44.8979591836735	67.6056338028169	58	44.8979591836735
BE4A3975AB20B706E50B8FCBB1B2FEAC	0	34.5070422535211	46	0
BE80D023737F01DA5948DFD35F7A0759	0	12.6760563380282	0	0
BEC7B4F2598AEEEB60C4E8815D4B8E73	28.5714285714286	50	52	28.5714285714286
BEE835BEF9D433BE8BD8D960004364F0	0	4.92957746478873	0	0
BF1C72F53A7CDBAEBB13AB7C8099D61B	0	4.92957746478873	0	0
BFB0A845EF129A00C3881B016807C778	0	16.1971830985916	0	0
BFDF8CA7B4D3F688DEDEE9960B182F56	2.04081632653061	21.1267605633803	0	2.04081632653061
BFF60936181C41E63E5B587BD9BB1A3F	14.2857142857143	10.5633802816901	0	14.2857142857143
BFFB830B6C0BE345056BD48DCFD3DD31	36.734693877551	86.6197183098592	88	36.734693877551
C00C10DDB7CF6D016CCC3E3BFCEAF80B	2.04081632653061	16.1971830985916	0	2.04081632653061
C029FBB3CC72C37BB0BB922A3B506062	18.3673469387755	21.830985915493	2	18.3673469387755
C0C75D9906E961887F0732256CBB6F18	20.4081632653061	35.2112676056338	18	20.4081632653061
C1007543A7293C190E87C048FE64673D	67.3469387755102	83.0985915492958	60	67.3469387755102
C10420B204E9DE2A3E6FB22F7A9468DF	0	38.7323943661972	0	0
C130C7221CA8C4D4A6C821284FEACADF	0	29.5774647887324	0	0
C14D717158B1131AD9A6D5F260EB473C	87.7551020408163	65.4929577464789	94	87.7551020408163
C1F59A2AD9523F6D81BCDC062DA08992	2.04081632653061	21.1267605633803	0	2.04081632653061
C220C963294D5668EFC37D032003C56B	0	16.1971830985916	0	0
C3103D12DDF0BA47F0A151BC5E82562D	67.3469387755102	51.4084507042254	52	67.3469387755102
C328AD7C8B67E8C9A11BEB764E91D23E	48.9795918367347	46.4788732394366	52	48.9795918367347
C3417B99FC989A5A79A7AFD6F80DB52A	51.0204081632653	76.056338028169	68	51.0204081632653
C34740E353EBEC0141F47D8279C28415	0	0	0	0
C365569EDACCF7AC3E38219E1E84B102	14.2857142857143	36.6197183098592	4	14.2857142857143
C37F74F887C33ADAB46DFEACBDBE1013	0	6.33802816901408	0	0
C3BCA538F7878A4A91F0B123C2902258	14.2857142857143	44.3661971830986	40	14.2857142857143
C3EC0D3B03397CE44C4BD77CC6D0FFEC	0	21.1267605633803	0	0
C422BBE8F6D3712B905A0DF71E5DAA85	0	0	0	0
C42BD03B33BA05F45ED84E939723E663	0	19.7183098591549	0	0
C477B5D0B33602E13E800F0E21A915F1	69.3877551020408	78.169014084507	74	69.3877551020408
C480D986EE8AE0207B7014C37386ABD6	51.0204081632653	54.2253521126761	0	51.0204081632653
C49B64DCBEC6A423063D0E4CB2D8D15A	0	19.0140845070423	4	0
C4AE21AB544C6F7FDAA470559C69A187	34.6938775510204	54.2253521126761	50	34.6938775510204
C4E3BF6C06AF12FE54976F39FDAA6F21	0	16.1971830985916	0	0
C4F9916D8856A88A4B4B819BDF9773FE	0	2.8169014084507	0	0
C5132049A95AB587FB6948A1CA0B38B9	0	1.40845070422535	0	0
C51340C7EC85BADC8161C01644FB78E1	0	1.40845070422535	0	0
C555623F1715BE5548B62722FDAD6B34	0	0	0	0
C56DBCDE4C5D96BE104DCF3E47606EC2	0	1.40845070422535	0	0
C5D4CEC7464D87DAFD41D19F6615949C	0	0.704225352112676	0	0
C636C5D35CB588C683D114CB13706382	0	14.7887323943662	0	0
C6436AD90CCEB5E9D56B6964E5CF6758	0	2.11267605633803	0	0
C67165A1409C8FBF77E899578AA17836	0	15.4929577464789	0	0
C676D5787D8A0498955573F4BF707A83	0	14.0845070422535	0	0
C6AAA086219E294FE31D8527A586E5B9	18.3673469387755	29.5774647887324	20	18.3673469387755
C6C74F1C94F6A1684AED906FB52B930E	14.2857142857143	59.8591549295775	78	14.2857142857143
C6D0CA42BC5A006DEAEF3F3AF7BFE103	2.04081632653061	18.3098591549296	2	2.04081632653061
C73C9B158094127FC193B45DBDA36364	0	12.6760563380282	2	0
C757C8AD46DE280F88EF97F8B5537FB1	8.16326530612245	28.8732394366197	6	8.16326530612245
C785A442D2D735DFB5FCC2F67090D796	0	1.40845070422535	0	0
C78F8DC4DECEE1E865CEDB31C76CF4E5	0	0	0	0
C7AC46DDCD118C42D389E5B8592898EA	46.9387755102041	34.5070422535211	60	46.9387755102041
C7C9A2E2590D18959FDD062F03E2F2EC	75.5102040816327	54.2253521126761	2	75.5102040816327
C838B4FC8DD3F5E4959B61592C71C046	0	21.830985915493	0	0
C8CFEA52EFE84F35501FD7BEBCB1C933	0	7.74647887323944	2	0
C91FFBE637A27F18D248C11C3D79B2D1	44.8979591836735	48.5915492957746	38	44.8979591836735
C935454864B5F923B769D30B6C6110E7	2.04081632653061	21.1267605633803	0	2.04081632653061
C95F008FDBB108F76352A009DC7C7A73	0	19.7183098591549	0	0
C964F64473A8DB9E367EDAFD17E283AD	16.3265306122449	39.4366197183099	26	16.3265306122449
C989716FA533AFC3861FE493936D6344	0	0	0	0
CA216B995F38537D4F77B9C2D49F3C42	2.04081632653061	83.0985915492958	6	2.04081632653061
CA368900C4D164D362232E941930F812	0	11.2676056338028	0	0
CA7BBF8CFCF4BA4276CDCBEDF91054A2	4.08163265306122	31.6901408450704	16	4.08163265306122
CAD29C6200F61C4D0389E4B2A143DBAC	91.8367346938776	91.5492957746479	90	91.8367346938776
CAEA035DD9BEEE52B04F0A84DE5F2EA6	2.04081632653061	28.8732394366197	4	2.04081632653061
CB53C71E3410706886E3F9B79F054EFF	0	18.3098591549296	0	0
CC7E02DFA63C2EB3EE4405BDAECC031C	0	9.15492957746479	0	0
CD3BFAC447F3902AB2441D951EBECEC9	63.265306122449	42.9577464788732	40	63.265306122449
CD3BFEEBFD5860EA7FFE3C1FB931404F	0	19.7183098591549	0	0
CD834B8C3ACAA2D34878754C21E5B48B	53.0612244897959	72.5352112676056	54	53.0612244897959
CD92402A1CC521BCC45BD7A65BFF2E53	0	0	0	0
CE168FE2CFEBAFDD5D222D94DF11F91B	0	14.0845070422535	0	0
CEAA906C66C082DF3FA3AB3475F22E1D	83.6734693877551	90.8450704225352	82	83.6734693877551
CEC2D1A67F9849464867CE4F6FEA4DC0	4.08163265306122	22.5352112676056	4	4.08163265306122
CEC842E579E73F33F8AD0C90CE3B50EF	0	14.7887323943662	0	0
CEE65BA7B61028782E441FC50ED856C0	0	0	0	0
CF04561DCAA92A070EF6E164992A6D8E	0	0	0	0
CF227F250B20750FAE32A48659D24084	6.12244897959184	19.7183098591549	2	6.12244897959184
CF41AB1C34E3E2EAF1581A91D13AFEA3	81.6326530612245	56.3380281690141	88	81.6326530612245
CF4704DAC7D0EFC896BEA8A924C69209	0	19.7183098591549	0	0
CF70A82C2482C5958792735B16F5497B	0	16.9014084507042	0	0
CF7359CA7B540203AE12A3E79A84F49D	6.12244897959184	8.45070422535211	0	6.12244897959184
CF8A52B80008BAE47CA30919F3FA7DAF	0	0.704225352112676	0	0
D0171DD4904B6545A3FF93C10C5E2C0D	4.08163265306122	20.4225352112676	0	4.08163265306122
D0C296B8145B7BCBF6F6346FBEA39FE8	0	54.9295774647887	34	0
D1565EF61C74E20998A291004DB2C627	0	10.5633802816901	2	0
D184488078FE894820FAC29615928140	48.9795918367347	25.3521126760563	6	48.9795918367347
D21F9F702B59EA83F67761EF1A98166C	0	26.7605633802817	0	0
D230581DD05CB6EE79D3E3BD585A081D	0	30.2816901408451	0	0
D23D623F6E59D6F7807AA340BED29F53	0	0	0	0
D2BB33C4BFCCF7084AF65F0B45CE4C94	0	6.33802816901408	0	0
D303A96A863884FF868780E190312AB3	0	18.3098591549296	0	0
D30812CE8687F55C6C3F9D386479BF01	0	0	0	0
D32C3941A8A386678ECB3052D18A87D1	89.7959183673469	59.8591549295775	90	89.7959183673469
D33A341D43DABB30FE7126CC011EFC8F	2.04081632653061	23.943661971831	0	2.04081632653061
D366CF9F363BEC6FD9F003381DFBD1AF	61.2244897959184	59.8591549295775	68	61.2244897959184
D385338D501C0F53AD1BDD548B9E12BE	2.04081632653061	16.1971830985916	2	2.04081632653061
D3929F246F5C014684F14157F82E9260	0	14.0845070422535	0	0
D3AA9AF3C7C3637F51E1800A07A62017	0	13.3802816901408	0	0
D3F6A03922313E9421C1FB6D7E33E5FE	0	14.7887323943662	0	0
D4913B7E92360BFC9399DA01476C1108	0	23.943661971831	0	0
D4D5415E4DA0673ED1E075A38C12E7E8	83.6734693877551	66.1971830985916	88	83.6734693877551
D505B3C463B3F2BBAC9D7CF49FA5CA7B	38.7755102040816	19.0140845070423	28	38.7755102040816
D50B5B21022E5FAF0BF597DEC9389548	0	31.6901408450704	4	0
D6F2EBD4B0915819A00033D39F1496EA	0	16.1971830985916	0	0
D6FA15FE8F2095850ADBB2794140CA18	36.734693877551	30.9859154929577	32	36.734693877551
D7336586E93C1481D5AB89C2E0700D08	0	9.85915492957746	0	0
D73AD6FA2B7D642688827616ED3B4170	0	0.704225352112676	0	0
D7A50B811325AE289000E933AB25226C	6.12244897959184	37.3239436619718	4	6.12244897959184
D7C5463299A34577554CEF33DBDE87D0	2.04081632653061	16.9014084507042	2	2.04081632653061
D7C8497AD1E71BEFBDBA17EE7ECC1B68	0	0	0	0
D7F263759C1B88FFF175ACAE82C8A217	0	1.40845070422535	0	0
D823652B2DBF514E0C32F2CB7EFC75F9	0	23.2394366197183	0	0
D8437EAF25375462D7D0E009BFDA3467	0	17.6056338028169	0	0
D903B9AD907C941BC23AB912334E7551	0	0	0	0
D92524350DD4C35442ABEA5FB435C8A8	10.2040816326531	40.8450704225352	10	10.2040816326531
D9AC2459DAE84EB924C8219792794AF9	0	11.2676056338028	0	0
DA661EC7899821956C9DFAE82D9260EE	0	13.3802816901408	0	0
DA842E7252439B013E09324B085D6FF7	0	0	0	0
DA8924FF5486BF16B6B651E8DEA6B31A	0	0	0	0
DB7BF8A12784ED61BC2E961DC3B28356	0	2.8169014084507	0	0
DB8C6C27C93F5E6B746E0F49ADACC93B	0	10.5633802816901	0	0
DB95368C257682785DB8C259817458B8	0	6.33802816901408	0	0
DCBB445D47F6047464E43A5B313225F5	40.8163265306122	39.4366197183099	48	40.8163265306122
DCCCE4382E57F5A7B8E01CE686B642F9	0	0	0	0
DCEDBA8607B35AD2A24A8537E6F019F0	61.2244897959184	35.9154929577465	0	61.2244897959184
DCF0E950B7D441B032234F8DE9BFAC74	0	1.40845070422535	2	0
DD68B02FD937765414FA6715F9AAA2EE	0	21.830985915493	0	0
DD8834BA4EF223B75E45C65DB23F6B60	79.5918367346939	64.0845070422535	76	79.5918367346939
DDB8DE72D4A6CD9B2F03D15D47606A4B	0	0	0	0
DDC159EF5ED9E6AACCB7FCCD09A96293	0	19.7183098591549	0	0
DDF2FD408D6E5C0D6357DC8041AC484F	0	17.6056338028169	0	0
DE11C2CB40B4B6F2ADFDF18767B231B0	0	38.0281690140845	0	0
DE39F4E6E53D568F6A5BC4E2591147C4	0	13.3802816901408	0	0
DE71182A5F64C97DC52BFABFBF902944	0	0	0	0
DE78FC81670CE944F437932DE2B33D65	0	0	0	0
DE831203BD8B6013E080587245AE2BD5	0	8.45070422535211	0	0
DEC42CA086746BF5DCCE55828CCB87C3	4.08163265306122	35.2112676056338	6	4.08163265306122
DF015B822707A31C1F02B9A2B34B5B65	0	9.85915492957746	2	0
DF2D81FAB6E378001FFD61BC162CC2C2	0	0	0	0
DF344BA7221C68C281C944D8A4FF4F3E	71.4285714285714	19.0140845070423	2	71.4285714285714
DF38BAF53D243844408C31E90DC6AA16	0	4.92957746478873	0	0
DF78DD259FD8CF015EB81CCF57FD37BA	0	16.9014084507042	0	0
DF81DBD4BE6FF81B5D4857D8DDDA1421	0	0	0	0
DF89912141BFD6649095F3DE4C25A126	0	1.40845070422535	0	0
DF9C2F6901E2A82B9F8EBD4C8DFB234B	0	0	0	0
DFBAD05CD77830C4CE307FFA288D9395	2.04081632653061	18.3098591549296	0	2.04081632653061
E0288F9A8BA4DAE3AB9F20101373ED0C	0	0	0	0
E0315535E4A134FF80C89C95A4112CFF	89.7959183673469	92.9577464788732	90	89.7959183673469
E04C2EFD66C644069910DB8DF38C03EC	2.04081632653061	35.2112676056338	2	2.04081632653061
E090FC1A852B70D9F24E2EB568711BCD	69.3877551020408	71.830985915493	74	69.3877551020408
E0D38F6EE5C2CA8CCB84FD339571468B	44.8979591836735	65.4929577464789	32	44.8979591836735
E0ED7F9B85BD4079869C5FB79EBEFDAF	67.3469387755102	45.7746478873239	72	67.3469387755102
E1683325EAAAC5540F20AE07AAE949C1	0	0	0	0
E1BFC58A411FBFADBEB58A65CDDA119C	0	0	0	0
E1E3A264FBB8A58D5979CAE39B499683	0	15.4929577464789	0	0
E2074C3B2569A9C67C52F43D944FFF95	0	20.4225352112676	0	0
E23BD1A7BE1D2E4A313721E3B276C62C	0	0.704225352112676	0	0
E264A4F96EDC6B74C212868725260D3B	0	18.3098591549296	0	0
E2A1C36BC830A6E94275B2CFC1675462	0	8.45070422535211	2	0
E2B39F280A278DA6812DE2077C9BB875	67.3469387755102	61.9718309859155	80	67.3469387755102
E3A19871C1F7D4413FDCE6A8EC2DD9FD	69.3877551020408	53.5211267605634	66	69.3877551020408
E3B91AF3C59B2266ED0C646BE42FCA1E	0	0	0	0
E3CF19F0C7EE0EF5ADADE56947292501	0	0	0	0
E4002029DC8391CD512B320651DE0252	0	0	0	0
E48B07F532D342171BC96436E410BA4F	4.08163265306122	41.5492957746479	0	4.08163265306122
E49F54B95F744DCEB76E1B1FBFB345AB	10.2040816326531	20.4225352112676	28	10.2040816326531
E4B31AD54DF99967B4A3A91C52F6F2BC	4.08163265306122	39.4366197183099	4	4.08163265306122
E4C2CC9477F236322F5DA96A4F7410CA	4.08163265306122	27.4647887323944	6	4.08163265306122
E503A75AA26BC6EF26C60A196C71BBC4	4.08163265306122	2.11267605633803	6	4.08163265306122
E53DB502B1866CEA617F48904316BEC9	71.4285714285714	62.6760563380282	54	71.4285714285714
E57415FEB302A1D5F78B2EB098EF15DA	0	2.11267605633803	0	0
E5CC2935AFC421461171DBB0147D1B69	0	2.8169014084507	4	0
E5E703CBBFB1599051AE42037CE9CB8E	0	12.6760563380282	0	0
E6581DCE6DB411D1D16DFE3322DDC232	0	2.11267605633803	0	0
E66550C56BB90C37E106A98C105BEF34	0	0	0	0
E67EDB403C1AF785E9423645B7A39770	4.08163265306122	19.7183098591549	0	4.08163265306122
E6950778380FED0BD8731D5821F6BF55	0	24.6478873239437	0	0
E6AC9236D288B1CBC4008AB37EA75DE6	0	19.7183098591549	0	0
E6C7F34560D80E1D562BB9A3976DBB28	2.04081632653061	21.1267605633803	2	2.04081632653061
E723D7D2DE28E764D5688F80D9423A45	22.4489795918367	19.0140845070423	20	22.4489795918367
E7406C2B083851F861F8A3E8E8F90C2F	55.1020408163265	31.6901408450704	82	55.1020408163265
E74D25A2ECC12C9C9A76CE798EFAAC93	0	0	0	0
E76296769049FE788FF64F17EF155085	0	13.3802816901408	0	0
E7C1C2C8EED78BF7763C88ED5A6DF095	0	0.704225352112676	0	0
E7C88295DA683F91E27CACBDC673E91E	4.08163265306122	22.5352112676056	16	4.08163265306122
E7E3AC060F4CBC4AD9F5ADA623F7731D	0	16.1971830985916	2	0
E88E2E6FBE8E89EB59712C7C9034A8CE	34.6938775510204	23.2394366197183	50	34.6938775510204
E8C3091369A46F2C928080D1F0E9B461	93.8775510204082	66.9014084507042	90	93.8775510204082
E8ED17F965BD14F0DE0F50540127BF22	0	30.2816901408451	0	0
E9060018D46E32CA5ED5246529159782	38.7755102040816	83.8028169014084	74	38.7755102040816
E90BFC5EB55F670AC1EA734498519003	24.4897959183673	55.6338028169014	48	24.4897959183673
E986B3DA44B7D60A9AACA7813329C565	4.08163265306122	29.5774647887324	20	4.08163265306122
E9A70957C4B9ECC36B1AB69B1AD92457	0	32.3943661971831	0	0
E9F459B18B28200D916BFDAC27FA79EE	69.3877551020408	57.7464788732394	78	69.3877551020408
EA497D86EDC01EFDE4AE8FDBC8B97764	46.9387755102041	38.7323943661972	2	46.9387755102041
EA83C634215F8FCD560CEE8E76FE4A56	0	22.5352112676056	0	0
EA986E65042965E78567A046E26084D5	0	0	0	0
EAB5A83B6BA18E9C47903A2953B439BE	18.3673469387755	19.7183098591549	12	18.3673469387755
EAB7E47585C1532593AAFCFB1A9E3B78	0	10.5633802816901	0	0
EABB77CE46D3EEE792C43E576E039BBA	42.8571428571429	69.7183098591549	28	42.8571428571429
EACA982F9731FDD192D10E6B479A570B	0	17.6056338028169	0	0
EAEA2FFBB7BD43C0E7C16670731E07E5	0	12.6760563380282	0	0
EAF7BF843FF8915FAC0D466F6D1A9666	10.2040816326531	19.0140845070423	8	10.2040816326531
EB1395F14B0AC67C78FB4722972E1289	6.12244897959184	44.3661971830986	2	6.12244897959184
EB1EA1B12766DFF90639B04DF3F0DC1B	0	10.5633802816901	0	0
EB5001219257457B23F91262B020998D	0	31.6901408450704	0	0
EBB30FBDFE9BF6EF265A3D881693B5FD	0	16.1971830985916	0	0
EBCF8CA04A54E6E0981CD108FABE157C	2.04081632653061	2.11267605633803	2	2.04081632653061
EBF6171BFC57C42866CB493991393151	2.04081632653061	20.4225352112676	8	2.04081632653061
EC00A2895A5F998D16ADB6D653C24E70	36.734693877551	61.9718309859155	66	36.734693877551
EC1DDCB0C75DC80EE1FCC39BCA362057	0	25.3521126760563	6	0
ECAFBF172CEC9E76920EDAC1B5B1B84F	2.04081632653061	10.5633802816901	2	2.04081632653061
ED02923F3990F5B45D168C3B26B11D03	0	2.11267605633803	0	0
ED3975DE391A85FE14FE89440DD9E7CC	0	33.0985915492958	0	0
ED9212A7DCBB56E133284C1ADBF6B0B4	0	0	0	0
EDE064911D2790CFDAEE18D5F49807D2	0	2.11267605633803	0	0
EDFBE4CEC43DCF2585AF6ED2D8D4BACB	22.4489795918367	25.3521126760563	40	22.4489795918367
EF15CA248515906A9539C8DC216A8E54	0	9.15492957746479	0	0
EF6E3FE25F7B3FC27624F834F09368A0	0	0.704225352112676	0	0
EF745ECAF8A21800FAFFEF96209E3B24	0	40.8450704225352	4	0
EF80EE0D4665D3096589AAFDD3C22CC7	12.2448979591837	17.6056338028169	22	12.2448979591837
EFE62986A26C1AD85CBC598D7AA836F1	30.6122448979592	52.112676056338	12	30.6122448979592
EFF09DB93C17A799243FEF0B257E5BD0	77.5510204081633	53.5211267605634	56	77.5510204081633
F01C6B3FF9CE756F924FBE0A71B6B934	0	1.40845070422535	0	0
F0BD2E2B25E6927E133F32E371709FA7	6.12244897959184	23.943661971831	2	6.12244897959184
F11912D16E8B4527F598C475B145864D	0	0	2	0
F143E5A1E54303449DEB1F31A649367A	0	0.704225352112676	0	0
F179E13C1C8AA0E87A4E9039E7C3AB51	63.265306122449	52.112676056338	64	63.265306122449
F17C6FD35683CDA37A884A50051266DE	0	0	0	0
F1934EEED4F09FE6898180B03E576C37	48.9795918367347	25.3521126760563	44	48.9795918367347
F1CF105C457E8F146D4AD88831708527	0	20.4225352112676	2	0
F1E29B25A3F369B7BC653C4809E6C922	0	0	0	0
F26B817A3084E3BF40EE83A0C0848DA6	0	4.22535211267606	0	0
F28D7BA407A0742490FA20E2F2382404	2.04081632653061	21.1267605633803	0	2.04081632653061
F29662433CB8F6BAFB03751C6F9CDCB6	0	0	0	0
F3112BA6C018FCBFA2121A18DE8D243C	12.2448979591837	35.2112676056338	2	12.2448979591837
F3459B4CF53BFA216CCD1522B5F29038	0	14.0845070422535	12	0
F3FD90DC71D941469B35FB92193C91F0	0	9.85915492957746	0	0
F4215DCE15F98E0FEBFCC9D2BA9C37E9	24.4897959183673	42.9577464788732	26	24.4897959183673
F449340C6FE2C6C8807C3D56DF1AE8B0	4.08163265306122	29.5774647887324	0	4.08163265306122
F467E7A5429E1A8CBB7550DACE4ED04A	0	2.11267605633803	0	0
F4E2C1A344990EECF7E3AA7DD5E9C614	0	45.7746478873239	2	0
F5158611DC4679A0E00C6ED02389C9C9	0	30.2816901408451	2	0
F52314EC89774022AC621FF37F35F8B2	2.04081632653061	46.4788732394366	56	2.04081632653061
F54EFCFBF284B050C5621B4192C49387	38.7755102040816	36.6197183098592	44	38.7755102040816
F556BBD954931EBD3D8118982D72D5A8	26.530612244898	21.830985915493	30	26.530612244898
F57EC98210646C07250538EB1C4FEBA5	0	21.1267605633803	0	0
F5AA5E8B283A4C435D6CA22E6F1EDEC8	0	21.1267605633803	4	0
F5E4C8CCC575746C2FF49CF26A724124	0	0	0	0
F6B0F67AB02C087A31E4DE4E668A6B1C	2.04081632653061	4.92957746478873	0	2.04081632653061
F6C3F7C2D31560075ACB62F1C0224E89	2.04081632653061	3.52112676056338	0	2.04081632653061
F6F5826B665DD23BB7C32B2E67F57858	2.04081632653061	13.3802816901408	2	2.04081632653061
F755F307BEE1BB27EF5D04F61A1C3B06	0	45.7746478873239	46	0
F77328A4EB449DB65CDA002CBAA1A51D	0	0	0	0
F8899DDD6CF9567AF06A0A671437CD99	0	0	0	0
F8A2DE263EFA1A44F6A1DF4E4A204CDB	0	0	0	0
F8C851D824E5BC36758A19378E564159	71.4285714285714	70.4225352112676	46	71.4285714285714
F975AB94D7CD1D115C189EED05529733	57.1428571428571	52.8169014084507	66	57.1428571428571
F999A59AA40CA8ADF04B908080F62015	48.9795918367347	30.2816901408451	42	48.9795918367347
F9E281A3E11A07A16B6A2808A6941DE9	28.5714285714286	54.2253521126761	46	28.5714285714286
F9F658D8F193AB44AE23FAE49D7A30F7	16.3265306122449	22.5352112676056	20	16.3265306122449
FA308AE20046E0F87741C653154BBB1A	0	1.40845070422535	2	0
FAA0CA06E77B663DBB3108156B04FE9B	0	17.6056338028169	0	0
FABE9E4F4A25EDB12FFDA0739B1E3B6C	12.2448979591837	1.40845070422535	0	12.2448979591837
FB0A316E5BEFC4BCFED0FE2417EDF2EE	4.08163265306122	46.4788732394366	0	4.08163265306122
FB657AFB8779979BBEFD27B1AF541FEB	0	0	0	0
FB6A3A47FF308D2315643DD060568D79	0	8.45070422535211	4	0
FBBA8AD0AE203C98D6906133E45081F8	51.0204081632653	74.6478873239437	70	51.0204081632653
FBDDF606D730F834F15616995063C6C2	81.6326530612245	64.7887323943662	58	81.6326530612245
FCD54A82C00AE9D6CEF48BB173F37497	0	21.1267605633803	14	0
FD0500EBDBEDFBEEC70D9666A42F48E6	4.08163265306122	33.8028169014084	0	4.08163265306122
FD1D4E74F748AF73EC164FE823E30C5F	0	0	0	0
FD409CA834531AF913918814B6A32F48	0	0	0	0
FD5E32F9D50BC950266E6237A5C13918	89.7959183673469	53.5211267605634	90	89.7959183673469
FDAB98DBACEFAE2C49B1BB87097A1861	38.7755102040816	39.4366197183099	42	38.7755102040816
FDAC3A6C78A1E25B960E0A33059C9F5C	4.08163265306122	16.1971830985916	2	4.08163265306122
FE36F70F0B307A4EF1A26561F7C4EFEF	0	16.1971830985916	0	0
FEC203FAA90251AF3BAC8708A7A821C1	0	7.74647887323944	0	0
FEC5CF0B6BE616B12C1F8D16BE40AF97	71.4285714285714	86.6197183098592	76	71.4285714285714
FEE5E0BA984E5B455A8DE8D998571652	0	0	0	0
FF0D9755D2789E097365E6997E3ADC7D	0	8.45070422535211	0	0
FF2B2C1EBFE86ADDD8E08E3349114A7C	46.9387755102041	47.1830985915493	14	46.9387755102041
FF5DC6F84795A89B656F6D8814C141DE	0	5.63380281690141	0	0
FF91DE55338E02392AB68655B5F81313	0	14.0845070422535	0	0
FFDE6009D5594FEB6776E869C185DDB0	81.6326530612245	85.2112676056338	84	81.6326530612245
FFEABCAAA6E63498E4C5F8623CEAE41F	0	19.0140845070423	16	0
